0.000369
0.000348
0.000410
0.000598
0.000509
0.000372
0.000492
0.000355
0.000396
0.000495
0.000376
0.000451
0.000594
0.000396
0.000645
0.005740
0.000341
0.000403
0.000710
0.000434
0.000492
0.000410
0.000341
0.000430
0.001465
0.001048
0.003118
0.000376
0.000341
0.000669
0.002131
0.000615
0.000567
0.005491
0.000345
0.000352
0.000441
0.000362
0.001940
0.000352
0.000676
0.000584
0.000645
0.000413
0.008527
0.000973
0.000447
0.002291
0.004572
0.002005
0.002134
0.000997
0.000341
0.000348
0.001639
0.001175
0.001523
0.000372
0.000458
0.000386
0.005617
0.002810
0.000529
0.000355
0.000345
0.000444
0.000563
0.000369
0.004685
0.000406
0.000345
0.002063
0.001366
0.005368
0.002380
0.000492
0.004514
0.000345
0.001964
0.001861
0.001120
0.000410
0.000567
0.002131
0.000345
0.000341
0.000382
0.000488
0.010671
0.000635
0.000341
0.004415
0.002503
0.004070
0.000461
0.005976
0.003442
0.000604
0.000365
0.000376
0.001923
0.000369
0.000379
0.000488
0.000481
0.000751
0.000379
0.000396
0.001270
0.001001
0.000884
0.000492
0.000625
0.000454
0.000396
0.000372
0.001233
0.000430
0.000618
0.000481
0.000516
0.000352
0.020247
0.001151
0.000341
0.000352
0.000662
0.001062
0.001557
0.000362
0.024997
0.000413
0.000413
0.000464
0.000478
0.005611
0.000345
0.000341
0.000570
0.000345
0.000570
0.000403
0.000628
0.000942
0.000341
0.005040
0.000813
0.000785
0.000908
0.000389
0.000447
0.000341
0.002209
0.000584
0.000502
0.014691
0.003664
0.009165
0.000471
0.000960
0.000563
0.001134
0.000591
0.000386
0.000676
0.000540
0.000348
0.004870
0.000352
0.000348
0.002961
0.001680
0.000396
0.002476
0.000683
0.000710
0.000345
0.000341
0.001188
0.003961
0.000553
0.000546
0.000669
0.000458
0.000809
0.000355
0.003138
0.000396
0.011624
0.014520
0.001981
0.014127
0.001325
0.013612
0.000403
0.000560
0.000478
0.000403
0.001615
0.000348
0.001424
0.002025
0.000444
0.000341
0.000475
0.000642
0.002349
0.000533
0.000348
0.000492
0.000355
0.000912
0.000765
0.000382
0.001540
0.012799
0.003975
0.018809
0.000553
0.001042
0.000382
0.000471
0.004945
0.000352
0.000451
0.000475
0.000533
0.000932
0.002797
0.000693
0.000488
0.001168
0.007939
0.000341
0.000581
0.000417
0.000557
0.000341
0.000345
0.003428
0.018604
0.000410
0.000345
0.000471
0.000604
0.000891
0.000393
0.000396
0.001147
0.011532
0.000645
0.001503
0.007468
0.001516
0.000441
0.002384
0.000645
0.002305
0.012259
0.000348
0.000341
0.008254
0.000413
0.000420
0.024648
0.000533
0.005324
0.002739
0.000345
0.000341
0.000362
0.000410
0.000345
0.000621
0.000382
0.005631
0.000341
0.001028
0.001137
0.000553
0.000379
0.000608
0.004791
0.001793
0.000536
0.000478
0.002500
0.009937
0.000434
0.004296
0.011624
0.000441
0.000441
0.000420
0.000352
0.013311
0.003398
0.000615
0.000410
0.004528
0.000341
0.002848
0.028418
0.024952
0.007000
0.002073
0.000359
0.000625
0.000352
0.000898
0.000833
0.000540
0.000546
0.000400
0.000621
0.010303
0.000372
0.000758
0.000615
0.000475
0.001086
0.000522
0.000577
0.000434
0.000348
0.000345
0.000413
0.000915
0.001250
0.000857
0.000379
0.007038
0.000468
0.004545
0.002353
0.004596
0.000345
0.009128
0.000382
0.000512
0.000345
0.000581
0.000393
0.002431
0.019915
0.000341
0.000362
0.000591
0.000492
0.000382
0.000536
0.002370
0.006348
0.000341
0.000341
0.001386
0.006307
0.013594
0.005334
0.000635
0.009708
0.000434
0.001065
0.001205
0.000427
0.000502
0.000365
0.000765
0.002636
0.001291
0.000758
0.011177
0.001817
0.000621
0.000341
0.000341
0.000345
0.000365
0.000560
0.001578
0.016244
0.000423
0.000536
0.008681
0.000659
0.000471
0.000420
0.000676
0.000512
0.004446
0.000464
0.000345
0.000461
0.001113
0.000830
0.000495
0.000693
0.000376
0.006857
0.000557
0.001089
0.000348
0.005604
0.009107
0.000355
0.000396
0.000362
0.002561
0.000471
0.001550
0.001223
0.000393
0.000413
0.000396
0.000652
0.000540
0.000379
0.000417
0.007922
0.000516
0.000659
0.001007
0.000850
0.000427
0.014315
0.001243
0.000369
0.001475
0.006058
0.000526
0.003179
0.000359
0.000341
0.000413
0.000423
0.000481
0.008138
0.000847
0.000369
0.000355
0.000516
0.000475
0.000980
0.000348
0.000341
0.008626
0.001072
0.000567
0.000341
0.000389
0.000382
0.001745
0.003080
0.000345
0.000341
0.000427
0.000420
0.004088
0.000372
0.000444
0.000420
0.000341
0.000669
0.000393
0.000369
0.002698
0.000690
0.000485
0.000522
0.000359
0.000512
0.000990
0.003633
0.000389
0.000854
0.000495
0.000362
0.000826
0.000345
0.001110
0.002281
0.000656
0.000669
0.000341
0.000458
0.000389
0.000662
0.000406
0.000362
0.000434
