-2.347157
-2.346550
-2.344895
-1.818914
-1.545793
-1.545868
-1.545433
-1.548941
-1.569324
-0.837183
-0.836290
-0.808861
-0.808807
-0.807517
-0.815142
-0.815500
-0.815155
-0.815715
-0.815616
-0.815010
-0.781776
-0.780798
-0.781037
-0.779297
-0.780147
-0.780626
-0.684034
-0.652133
-0.667550
-0.612004
-0.613880
-0.579826
-0.610554
-0.510071
-0.519050
-0.487760
-0.514557
-0.508652
-0.507053
-0.511093
-0.524243
-0.492078
-0.509945
-0.508856
-0.511180
-0.396592
-0.399822
-0.396978
-0.415380
-0.390755
-0.396589
-0.371353
-0.371864
-0.362766
-0.371565
-0.369835
-0.384444
-0.378970
-0.317171
-0.316777
-0.319527
-0.319763
-0.316355
-0.318874
-0.323107
-0.325066
-0.351026
-0.317248
-0.321517
-0.324304
-0.264064
-0.238652
-0.249901
-0.268586
-0.268669
-0.248409
-0.248192
-0.234558
-0.234101
-0.228640
-0.228742
-0.249124
-0.250486
-0.249498
-0.248196
-0.247433
-0.255008
-0.233265
-0.220949
-0.221053
-0.205009
-0.204222
-0.183903
-0.184725
-0.183632
-0.212447
-0.190977
-0.177312
-0.177382
-0.201908
-0.200102
-0.200724
-0.199662
-0.200253
-0.202316
-0.204465
-0.161431
-0.161591
-0.161344
-0.161097
-0.160984
-0.146481
-0.146202
-0.146245
-0.127486
-0.126664
-0.125599
-0.126799
-0.162639
-0.146154
-0.127341
-0.125614
-0.127782
-0.156832
-0.156346
-0.156280
-0.155831
-0.156479
-0.156128
-0.134347
-0.122745
-0.118749
-0.110991
-0.127071
-0.126086
-0.125995
-0.125760
-0.149617
-0.149404
-0.149609
-0.148679
-0.151573
-0.147640
-0.160244
-0.142207
-0.133568
-0.119462
-0.120671
-0.119962
-0.120073
-0.072505
-0.073771
-0.073345
-0.095361
-0.064141
-0.065856
-0.087432
-0.056009
-0.075368
-0.101382
-0.101391
-0.072456
-0.071295
-0.039896
-0.039984
-0.080754
-0.090302
-0.078725
-0.071719
-0.065014
-0.080326
-0.079083
-0.080640
-0.080198
-0.062990
-0.062994
-0.063216
-0.063066
-0.061701
-0.060251
-0.048216
-0.050191
-0.005688
-0.006215
-0.005898
-0.005899
-0.006583
-0.004113
-0.006308
-0.004180
-0.004360
-0.004056
-0.007782
-0.034637
-0.003632
-0.002408
-0.002887
-0.002980
-0.005271
-0.005950
-0.004317
-0.004425
-0.004563
-0.003903
-0.005086
-0.004421
0.023917
0.024337
0.024033
0.024071
0.027664
0.027730
-0.001674
-0.001583
-0.000880
-0.002437
-0.003257
0.055368
0.059699
0.056552
0.057121
0.058496
0.057572
0.035681
0.063608
0.065177
0.047584
0.077770
0.056054
0.058074
0.057488
0.057340
0.046536
0.047195
0.063583
0.077460
0.060855
0.035979
0.036119
0.036249
0.036061
0.036198
0.063399
0.065359
0.066228
0.065018
0.067890
0.067225
0.067403
0.108186
0.137072
0.099856
0.114122
0.135397
0.122479
0.107743
0.135902
0.119762
0.123493
0.120739
0.120387
0.122140
0.121046
0.103365
0.104837
0.104430
0.093750
0.098459
0.107713
0.107898
0.113846
0.128377
0.128975
0.128639
0.129013
0.146703
0.147022
0.147594
0.147615
0.148333
0.153232
0.153521
0.153410
0.178016
0.207216
0.174964
0.207189
0.189803
0.190063
0.188316
0.174423
0.202608
0.161752
0.186251
0.210622
0.220985
0.185490
0.184943
0.185182
0.186676
0.185539
0.173284
0.173010
0.171105
0.173178
0.184822
0.184781
0.197073
0.197416
0.215986
0.216082
0.215798
0.216040
0.224708
0.224823
0.224796
0.217977
0.218010
0.218067
0.217913
0.226209
0.237879
0.237455
0.252378
0.267612
0.268519
0.253048
0.228673
0.228481
0.228521
0.228432
0.255653
0.256135
0.253522
0.280112
0.253324
0.253648
0.280352
0.235192
0.253421
0.244765
0.236320
0.236069
0.253837
0.253800
0.271325
0.273646
0.272025
0.272312
0.272828
0.272471
0.271844
0.272393
0.289576
0.302717
0.294578
0.295056
0.295690
0.294735
0.283651
0.296184
0.297835
0.297271
0.297023
0.296627
0.308228
0.323014
0.321572
0.344846
0.346442
0.321279
0.320325
0.320926
0.343775
0.344926
0.344693
0.309218
0.315253
0.328313
0.336330
0.347809
0.341048
0.352778
0.346282
0.358120
0.359835
0.376272
0.372257
0.395931
0.377692
0.375427
0.378642
0.377868
0.379230
0.384029
0.382566
0.381027
0.381893
0.382392
0.381274
0.382180
0.369017
0.390887
0.441787
0.438945
0.439444
0.439816
0.439562
0.438334
0.418164
0.418211
0.439242
0.439308
0.425544
0.424586
0.447274
0.460565
0.460791
0.460805
0.462194
0.453630
0.466561
0.477185
0.476786
0.477061
0.477522
0.477611
0.477068
0.476996
0.477349
0.481595
0.481593
0.497852
0.526224
0.484859
0.504467
0.503629
0.491195
0.491755
0.516184
0.571008
0.567774
0.570355
0.556114
0.556774
0.536518
0.559718
0.578225
0.596038
0.588929
0.588878
0.535836
0.576616
0.578294
0.578708
0.787024
0.784746
0.780816
0.750008
0.791553
0.681141
0.766381
0.803074
0.654407
0.684955
0.674623
0.667072
0.671117
0.669840
0.670832
0.669380
0.799097
0.810782
0.802669
0.788537
0.794652
0.843751
0.756406
0.809051
0.932607
0.932871
0.936750
0.921726
0.923258
0.922860
0.922182
0.964730
1.272293
1.279225
1.281366
1.281665
1.283133
