-1.948363
-1.950961
-1.518402
-0.998379
-0.800243
-0.799566
-0.802724
-0.785966
-0.780196
-0.780517
-0.780277
-0.763050
-0.762240
-0.762359
-0.760344
-0.781156
-0.589004
-0.563914
-0.542707
-0.543084
-0.579926
-0.573536
-0.572996
-0.576571
-0.577096
-0.579621
-0.584017
-0.585687
-0.468373
-0.467103
-0.469335
-0.470268
-0.469937
-0.466303
-0.472394
-0.468413
-0.470422
-0.469694
-0.471088
-0.476308
-0.444525
-0.364170
-0.361658
-0.381393
-0.357355
-0.331961
-0.295467
-0.331652
-0.387007
-0.387832
-0.370187
-0.370301
-0.360718
-0.361026
-0.333423
-0.330610
-0.339039
-0.340089
-0.341913
-0.341107
-0.340649
-0.339759
-0.339513
-0.338971
-0.340568
-0.267991
-0.238608
-0.247932
-0.247070
-0.248315
-0.248023
-0.246905
-0.245131
-0.246992
-0.245278
-0.223276
-0.238402
-0.240831
-0.242155
-0.240256
-0.238711
-0.204846
-0.204773
-0.187896
-0.186290
-0.184623
-0.183152
-0.171195
-0.171618
-0.158050
-0.157988
-0.219298
-0.196548
-0.167296
-0.166945
-0.156485
-0.192051
-0.192842
-0.197121
-0.150550
-0.150493
-0.138910
-0.131757
-0.143241
-0.143401
-0.142833
-0.143735
-0.145479
-0.145678
-0.135231
-0.132564
-0.142470
-0.142132
-0.111096
-0.111244
-0.110931
-0.110672
-0.089902
-0.089160
-0.083228
-0.083703
-0.083735
-0.083766
-0.084168
-0.109483
-0.109734
-0.124908
-0.105414
-0.083954
-0.083102
-0.083163
-0.105082
-0.108400
-0.077934
-0.075571
-0.048374
-0.048189
-0.067188
-0.038058
-0.052797
-0.048581
-0.049679
-0.065177
-0.036582
-0.049821
-0.049421
-0.046539
-0.048050
-0.049476
-0.050134
-0.043692
-0.078196
-0.048032
-0.046853
-0.045704
-0.045576
-0.017350
-0.017643
-0.017373
-0.018200
-0.012420
-0.046566
-0.043105
-0.044905
-0.046257
-0.015601
-0.009972
0.014072
0.015078
0.016066
0.016820
0.046483
0.046468
0.045828
0.046832
0.000056
-0.000244
-0.005775
0.005680
0.000515
0.000821
0.000819
0.000615
0.012532
0.012517
0.012465
0.020689
0.021041
0.021057
0.021026
0.030574
0.039212
0.050713
0.050571
0.040750
0.041729
0.042109
0.040958
0.040680
0.040297
0.039338
0.042105
0.042115
0.041652
0.041999
0.042059
0.085904
0.085179
0.087987
0.073629
0.101989
0.069310
0.065821
0.065306
0.079241
0.079254
0.098222
0.098499
0.096383
0.096362
0.096888
0.074729
0.056893
0.056825
0.075294
0.075014
0.075711
0.076058
0.076776
0.076866
0.076241
0.076437
0.076921
0.103118
0.104837
0.104594
0.103416
0.104049
0.102729
0.104170
0.100668
0.100471
0.109624
0.114330
0.140246
0.140504
0.138145
0.139451
0.139458
0.138676
0.136436
0.139992
0.136611
0.127141
0.127489
0.127408
0.128125
0.128127
0.127974
0.128117
0.147993
0.148021
0.147782
0.148342
0.147752
0.148547
0.148274
0.148161
0.173048
0.170287
0.160076
0.161667
0.169272
0.184291
0.175834
0.175600
0.165681
0.166245
0.166428
0.166516
0.182616
0.182867
0.183372
0.182508
0.176568
0.176689
0.176665
0.175506
0.177158
0.200137
0.215495
0.207357
0.207468
0.224667
0.207462
0.199248
0.199476
0.199229
0.199397
0.199288
0.199349
0.199712
0.199697
0.216518
0.216409
0.216508
0.216694
0.216461
0.217131
0.216375
0.239660
0.240023
0.240151
0.240073
0.240532
0.240344
0.240422
0.239872
0.240605
0.241692
0.240740
0.243001
0.243049
0.242481
0.241764
0.241429
0.236417
0.236451
0.235711
0.237041
0.252928
0.253048
0.253160
0.252868
0.288092
0.287120
0.271734
0.296913
0.273784
0.273578
0.273951
0.274122
0.299594
0.299538
0.299581
0.299012
0.267626
0.267627
0.276569
0.278255
0.269426
0.269205
0.269689
0.269475
0.294108
0.296412
0.294234
0.294761
0.296060
0.295753
0.289765
0.305197
0.323195
0.323648
0.315113
0.315094
0.330211
0.331614
0.331726
0.321207
0.322109
0.322709
0.322960
0.340148
0.340312
0.345187
0.345008
0.317842
0.317610
0.325608
0.325604
0.335964
0.335646
0.335805
0.336137
0.354524
0.371092
0.383536
0.394687
0.410101
0.411094
0.359991
0.396340
0.382913
0.382679
0.378798
0.378122
0.377928
0.359490
0.360039
0.360248
0.360754
0.387769
0.387335
0.387404
0.387594
0.387086
0.387130
0.387784
0.388739
0.412488
0.417108
0.414394
0.416713
0.416562
0.449434
0.493608
0.490771
0.480661
0.505796
0.435404
0.435920
0.435765
0.435741
0.435564
0.436156
0.444006
0.448825
0.445751
0.445384
0.445832
0.446053
0.480354
0.478403
0.474766
0.478260
0.476272
0.475815
0.476298
0.511626
0.511709
0.512093
0.512523
0.513521
0.513220
0.513977
0.539100
0.541708
0.543674
0.543573
0.545742
0.545387
0.544572
0.537723
0.557677
0.567898
0.546896
0.624481
0.652709
0.626619
0.624729
0.579327
0.620645
0.616899
0.649930
0.583456
0.621559
0.618529
0.614452
0.589895
0.606155
0.632828
0.634639
0.769139
0.892513
0.683607
0.683342
0.713092
0.712650
0.701591
0.701185
0.702011
0.700501
0.698408
0.809902
0.811063
0.879505
0.808920
0.815599
0.806765
0.915531
0.915172
0.973116
0.976660
0.974278
0.973796
0.971522
0.994947
0.994899
1.004835
1.004447
1.020399
1.022973
1.149582
1.134380
1.163622
1.154080
1.150981
1.495332
1.643112
