-1.700083
-1.702742
-1.695831
-1.525121
-1.337009
-0.799025
-0.799303
-0.798553
-0.772060
-0.762398
-0.762303
-0.792956
-0.792451
-0.682409
-0.622590
-0.619884
-0.622001
-0.618640
-0.597744
-0.578930
-0.582086
-0.581057
-0.503596
-0.503436
-0.508126
-0.569914
-0.578577
-0.569809
-0.460395
-0.460606
-0.439922
-0.404968
-0.405794
-0.406417
-0.407412
-0.409134
-0.409722
-0.389831
-0.390092
-0.405072
-0.404838
-0.403386
-0.377637
-0.377851
-0.376970
-0.376491
-0.375989
-0.375824
-0.363304
-0.348041
-0.316966
-0.319100
-0.328637
-0.328229
-0.327176
-0.327442
-0.288166
-0.266632
-0.267657
-0.289971
-0.277058
-0.266692
-0.259187
-0.287661
-0.286972
-0.286978
-0.267691
-0.267778
-0.255142
-0.315930
-0.321850
-0.320440
-0.317496
-0.320049
-0.326921
-0.326510
-0.323501
-0.236014
-0.210344
-0.225080
-0.231281
-0.249719
-0.221590
-0.222159
-0.225869
-0.225783
-0.227738
-0.226162
-0.226858
-0.232779
-0.229438
-0.201639
-0.201520
-0.201610
-0.191075
-0.190405
-0.195487
-0.185660
-0.164594
-0.168146
-0.164473
-0.164318
-0.162877
-0.163420
-0.199233
-0.204254
-0.209021
-0.147623
-0.141444
-0.141284
-0.142715
-0.142831
-0.142925
-0.142707
-0.124006
-0.124277
-0.124179
-0.123180
-0.124649
-0.132359
-0.132037
-0.132713
-0.103999
-0.105593
-0.104816
-0.104449
-0.088001
-0.087893
-0.087644
-0.087111
-0.093034
-0.092236
-0.060790
-0.059034
-0.059906
-0.059975
-0.059819
-0.059728
-0.058663
-0.065015
-0.066221
-0.066104
-0.065974
-0.051441
-0.051426
-0.044463
-0.044528
-0.059799
-0.060145
-0.027808
-0.030634
-0.031344
-0.036964
-0.025672
-0.018041
-0.017999
-0.033677
-0.021538
-0.028095
-0.035377
-0.026707
-0.020351
-0.020354
-0.027748
-0.027668
-0.029156
-0.006163
-0.007237
-0.006865
0.006340
0.014234
-0.011407
0.005409
0.000645
0.000429
0.001181
0.028564
0.028727
0.029457
0.028409
0.028973
0.024700
0.035894
-0.016229
-0.014745
-0.011924
-0.009544
0.001290
0.000670
-0.003329
-0.005480
-0.004054
0.009304
0.009369
0.009235
0.023710
0.024003
0.024367
0.025715
0.019432
0.019932
0.019625
0.034494
0.034426
0.034267
0.034534
0.063842
0.062303
0.061391
0.061679
0.061893
0.064145
0.061893
0.054044
0.054513
0.054460
0.054317
0.055214
0.055703
0.055355
0.055447
0.072560
0.079102
0.074317
0.074080
0.074805
0.074652
0.074203
0.097015
0.095458
0.097606
0.097549
0.090857
0.091959
0.112134
0.100451
0.088361
0.088489
0.087987
0.081281
0.081268
0.083721
0.090936
0.107788
0.107956
0.107652
0.107958
0.108730
0.109550
0.107969
0.119352
0.129625
0.144881
0.130518
0.145040
0.136182
0.135785
0.136675
0.136175
0.134043
0.136399
0.120673
0.120674
0.121450
0.122854
0.122581
0.122446
0.124116
0.138390
0.138886
0.140064
0.140367
0.138914
0.157709
0.158525
0.157713
0.173187
0.172896
0.172759
0.153858
0.153697
0.168812
0.169042
0.167755
0.166341
0.167667
0.152991
0.162211
0.162361
0.162852
0.162628
0.174859
0.174797
0.179244
0.182541
0.171645
0.175646
0.181971
0.196446
0.227047
0.226420
0.214397
0.213590
0.216112
0.214514
0.214513
0.217732
0.214984
0.209056
0.211337
0.185964
0.210306
0.250735
0.251040
0.251169
0.252394
0.194056
0.194018
0.194562
0.194412
0.203816
0.203838
0.211583
0.211624
0.219908
0.219788
0.205440
0.214059
0.211865
0.239975
0.238369
0.239556
0.240418
0.238255
0.234987
0.256190
0.235653
0.236236
0.236369
0.234757
0.257929
0.257627
0.258229
0.293282
0.295390
0.280631
0.279965
0.280333
0.279047
0.273673
0.272919
0.287520
0.288251
0.310782
0.312637
0.310814
0.311788
0.311973
0.309818
0.311956
0.290293
0.289867
0.322127
0.266210
0.297882
0.296833
0.265080
0.284406
0.284550
0.311362
0.312073
0.311093
0.312937
0.331652
0.341617
0.337367
0.338609
0.337140
0.338415
0.339068
0.348975
0.340815
0.339987
0.340076
0.340521
0.340335
0.367461
0.394218
0.381948
0.380524
0.382029
0.363542
0.389954
0.377382
0.375811
0.375979
0.377551
0.350521
0.358040
0.356626
0.357311
0.376449
0.375515
0.377078
0.376304
0.400519
0.400712
0.401232
0.412645
0.448153
0.496466
0.430490
0.428353
0.430720
0.429813
0.423777
0.423109
0.443244
0.442763
0.462770
0.476785
0.481450
0.497580
0.479810
0.479636
0.475148
0.507710
0.533650
0.518568
0.518681
0.518737
0.518554
0.518644
0.534742
0.537227
0.537102
0.537705
0.562764
0.562995
0.562394
0.563756
0.583990
0.583300
0.619538
0.616367
0.616341
0.616313
0.648367
0.648547
0.627489
0.590219
0.601764
0.610144
0.612976
0.624954
0.638341
0.638688
0.627824
0.625340
0.626461
0.640911
0.647997
0.647297
0.663450
0.661330
0.660085
0.684500
0.705192
0.705988
0.718263
0.850857
0.849046
0.891498
0.891774
0.761791
0.763762
0.761951
0.751561
0.765925
0.762567
0.792381
0.792249
0.791947
0.794018
0.858748
0.884923
0.924025
0.952384
0.953191
0.972138
0.899209
1.076555
1.074876
1.078441
1.076560
1.072029
1.075283
1.372256
1.353614
1.387353
1.585866
