-2.451010
-2.449904
-1.702980
-1.706564
-1.702547
-1.704207
-1.708247
-1.705844
-1.720434
-1.685289
-1.749840
-1.753440
-1.696712
-1.041555
-1.041378
-1.029149
-1.018681
-1.019200
-1.018684
-1.018352
-1.007206
-1.007047
-1.000716
-0.993241
-0.985430
-0.985486
-0.971970
-0.970327
-0.971551
-0.971334
-0.836383
-0.804292
-0.819102
-0.784241
-0.850892
-0.853920
-0.859077
-0.806069
-0.811145
-0.787532
-0.745392
-0.743626
-0.745425
-0.733916
-0.710794
-0.711021
-0.690177
-0.692751
-0.689146
-0.673396
-0.676027
-0.675313
-0.541563
-0.542918
-0.540364
-0.556081
-0.533182
-0.541588
-0.541659
-0.544218
-0.542644
-0.554890
-0.540678
-0.530242
-0.530674
-0.520060
-0.516453
-0.509306
-0.509886
-0.499850
-0.510904
-0.511914
-0.511257
-0.513092
-0.512316
-0.496899
-0.488236
-0.487639
-0.485303
-0.414056
-0.415929
-0.422055
-0.417680
-0.417362
-0.421113
-0.431235
-0.456923
-0.453862
-0.452797
-0.457490
-0.402116
-0.402665
-0.325483
-0.327131
-0.326587
-0.327494
-0.326106
-0.326807
-0.326751
-0.325271
-0.327427
-0.327188
-0.325518
-0.325719
-0.325148
-0.319992
-0.320848
-0.315391
-0.318632
-0.293508
-0.280103
-0.291220
-0.291239
-0.290250
-0.290438
-0.289709
-0.289534
-0.254761
-0.257797
-0.224781
-0.225257
-0.251058
-0.250846
-0.268330
-0.269462
-0.261203
-0.267166
-0.270732
-0.269707
-0.287456
-0.257033
-0.273292
-0.270913
-0.192966
-0.194016
-0.192460
-0.193686
-0.193368
-0.178435
-0.192599
-0.191483
-0.193736
-0.192698
-0.191033
-0.190798
-0.190433
-0.188814
-0.167590
-0.167440
-0.166941
-0.165733
-0.166680
-0.166180
-0.150599
-0.150360
-0.150689
-0.150560
-0.145863
-0.143686
-0.121294
-0.134060
-0.109948
-0.124968
-0.124890
-0.124408
-0.173282
-0.173062
-0.162927
-0.162345
-0.153648
-0.153127
-0.128047
-0.128687
-0.154353
-0.134147
-0.125086
-0.110890
-0.137844
-0.135843
-0.137154
-0.138362
-0.139478
-0.139262
-0.146619
-0.146138
-0.114043
-0.151672
-0.153764
-0.122314
-0.084794
-0.085237
-0.085740
-0.086332
-0.086276
-0.074750
-0.073306
-0.072354
-0.071284
-0.071709
-0.061366
-0.040842
-0.052062
-0.068977
-0.064901
-0.046736
-0.046194
-0.087182
-0.085894
-0.086859
-0.085343
-0.072857
-0.073198
-0.052839
-0.052027
-0.051159
-0.049970
-0.050606
-0.050926
-0.052144
-0.050250
-0.063282
-0.061870
-0.057930
-0.058900
-0.060259
-0.090449
-0.058204
-0.035623
-0.031174
-0.055695
-0.054490
-0.056809
-0.000549
-0.010694
-0.011283
-0.010572
-0.011341
0.005232
0.017684
0.017539
0.018442
0.006067
0.008884
-0.027974
-0.028024
-0.007754
-0.009391
-0.009811
-0.010956
-0.009314
-0.009702
-0.009044
0.011164
0.021021
0.029835
0.016778
0.016817
0.016608
0.030341
0.032784
0.032880
0.032225
0.034466
0.074806
0.052261
0.052458
0.066801
0.070438
0.070361
0.074335
0.089232
0.046323
0.064079
0.077552
0.088638
0.103236
0.039804
0.040033
0.038586
0.043775
0.040086
0.040298
0.074528
0.075350
0.076323
0.075697
0.077151
0.077795
0.076934
0.043484
0.061199
0.063388
0.076091
0.092759
0.092461
0.091416
0.120026
0.139931
0.141170
0.165383
0.166355
0.149142
0.149691
0.146727
0.125964
0.126985
0.127087
0.127165
0.158518
0.159388
0.159879
0.159034
0.160912
0.141686
0.163809
0.128680
0.141250
0.161126
0.160927
0.151285
0.151637
0.141635
0.173585
0.154634
0.154873
0.153113
0.193789
0.192321
0.195163
0.232326
0.229682
0.232664
0.221605
0.254670
0.213539
0.243782
0.243944
0.212390
0.229311
0.250041
0.231336
0.202297
0.202801
0.210497
0.210634
0.238413
0.240212
0.206901
0.207411
0.208033
0.207383
0.215692
0.240007
0.240106
0.229822
0.254250
0.239653
0.203588
0.221679
0.237537
0.238289
0.245916
0.256132
0.271843
0.238723
0.238697
0.238449
0.240719
0.239464
0.306099
0.306540
0.306682
0.304290
0.305954
0.333036
0.333882
0.300109
0.302518
0.323359
0.335496
0.309442
0.311606
0.292774
0.322689
0.324012
0.299521
0.326665
0.313240
0.313395
0.308736
0.305712
0.327608
0.333716
0.340512
0.337225
0.337521
0.345280
0.387233
0.393055
0.393557
0.353431
0.346387
0.353925
0.354271
0.388355
0.387197
0.384998
0.374704
0.385229
0.396103
0.396480
0.409482
0.409442
0.412135
0.415543
0.412576
0.424053
0.424115
0.423424
0.424161
0.423634
0.424249
0.424299
0.485195
0.481335
0.475255
0.525481
0.441724
0.444364
0.444360
0.444552
0.445110
0.445640
0.432559
0.449666
0.505437
0.493496
0.524905
0.500900
0.495735
0.492092
0.489188
0.517025
0.530415
0.465595
0.470974
0.475419
0.505080
0.639218
0.559555
0.561032
0.562483
0.550726
0.571088
0.560479
0.553522
0.574027
0.643886
0.648065
0.642518
0.640711
0.613493
0.612596
0.654286
0.662302
0.625027
0.625103
0.684484
0.699509
0.705898
0.728636
0.726823
0.726646
0.728283
0.863574
0.869828
0.868173
0.835063
0.836388
0.868348
0.868325
0.932868
1.164168
1.196048
1.168536
1.201426
1.182177
