-2.058211
-2.076761
-2.028767
-1.799455
-0.958485
-0.810085
-0.810817
-0.775377
-0.775002
-0.803779
-0.802834
-0.826192
-0.795085
-0.805184
-0.800331
-0.628241
-0.621768
-0.622173
-0.619292
-0.624264
-0.620785
-0.525509
-0.525466
-0.530196
-0.494166
-0.545967
-0.525918
-0.506172
-0.501857
-0.520767
-0.514509
-0.521896
-0.481264
-0.439610
-0.394659
-0.393529
-0.394710
-0.394759
-0.377960
-0.367080
-0.366721
-0.366750
-0.366766
-0.352785
-0.362323
-0.321478
-0.289726
-0.304742
-0.306861
-0.307937
-0.309103
-0.315757
-0.259590
-0.259164
-0.259397
-0.259155
-0.265791
-0.252291
-0.348355
-0.337680
-0.329359
-0.288744
-0.303799
-0.256692
-0.337247
-0.299876
-0.229484
-0.229777
-0.229490
-0.229308
-0.230041
-0.230701
-0.213975
-0.227087
-0.231916
-0.230840
-0.215704
-0.188715
-0.188332
-0.185960
-0.188699
-0.188504
-0.189731
-0.189956
-0.189914
-0.167862
-0.167876
-0.167751
-0.155629
-0.156169
-0.162867
-0.150215
-0.205555
-0.175274
-0.185541
-0.180544
-0.180834
-0.184251
-0.184525
-0.132874
-0.111899
-0.119006
-0.120949
-0.121167
-0.119963
-0.119891
-0.119382
-0.139185
-0.115465
-0.115520
-0.091106
-0.090698
-0.090375
-0.090316
-0.090528
-0.095601
-0.087950
-0.087672
-0.128327
-0.129451
-0.129261
-0.129198
-0.130469
-0.101524
-0.101509
-0.101585
-0.101714
-0.125937
-0.100318
-0.067737
-0.067868
-0.079932
-0.075437
-0.064364
-0.068619
-0.068234
-0.068872
-0.067811
-0.067380
-0.054332
-0.034573
-0.036801
-0.036185
-0.039321
-0.018471
-0.014621
-0.040291
-0.040170
-0.040243
-0.039960
-0.017884
-0.017948
-0.018424
-0.012744
-0.069876
-0.050016
-0.048325
-0.026588
-0.026484
-0.026281
-0.071527
-0.072854
-0.062622
-0.034703
-0.032952
-0.034588
-0.034146
0.022625
0.004243
0.036948
0.017778
0.018468
0.019898
0.021438
0.019650
0.019420
0.003037
0.035791
0.019163
0.020379
0.018080
-0.003942
-0.003538
-0.002934
-0.002470
-0.003088
-0.003365
-0.003633
0.019031
0.018843
0.020647
0.018358
0.019168
0.032701
0.032675
0.041807
0.043867
0.043454
0.044336
0.043050
0.043876
0.044371
0.044484
0.044941
0.044409
0.044979
0.045633
0.045362
0.057595
0.064553
0.063523
0.058264
0.058362
0.063494
0.067692
0.062013
0.062283
0.062863
0.062006
0.062499
0.062672
0.063041
0.062657
0.087891
0.087834
0.087862
0.090149
0.091171
0.088839
0.079886
0.080190
0.098841
0.098762
0.073140
0.073082
0.085642
0.095724
0.102831
0.102888
0.122534
0.123759
0.121188
0.122112
0.109296
0.116190
0.116612
0.123705
0.125579
0.132583
0.123539
0.109283
0.109293
0.118203
0.118889
0.133169
0.133240
0.139050
0.148280
0.170338
0.162114
0.158727
0.161056
0.160667
0.158250
0.186094
0.161049
0.145844
0.160237
0.153366
0.153126
0.147142
0.161686
0.146215
0.160411
0.177150
0.178634
0.178730
0.179054
0.179367
0.179636
0.180429
0.180163
0.225236
0.225997
0.224729
0.222875
0.224860
0.227347
0.210018
0.205770
0.222866
0.241691
0.242561
0.242441
0.192079
0.192124
0.192071
0.196621
0.196464
0.196581
0.205819
0.205861
0.212413
0.200563
0.207082
0.207364
0.223695
0.223437
0.234495
0.234505
0.222677
0.233129
0.224683
0.225416
0.247741
0.247983
0.247800
0.236843
0.250738
0.300274
0.298657
0.304094
0.299395
0.278524
0.301972
0.324496
0.300352
0.297546
0.297408
0.296167
0.299280
0.275609
0.300895
0.301544
0.289564
0.290708
0.289962
0.290067
0.273762
0.281712
0.273983
0.298887
0.300546
0.300322
0.299290
0.323079
0.336817
0.327046
0.328344
0.329522
0.328624
0.329585
0.329678
0.330721
0.381377
0.354800
0.391795
0.392926
0.391107
0.355430
0.355242
0.354475
0.355236
0.352879
0.353470
0.365451
0.367842
0.374133
0.374481
0.375108
0.398163
0.393266
0.413843
0.400435
0.401655
0.394063
0.417246
0.402374
0.403801
0.390900
0.411894
0.404398
0.403678
0.475710
0.472470
0.436201
0.434365
0.436092
0.435428
0.436760
0.437721
0.438217
0.472305
0.471490
0.470770
0.471091
0.471124
0.471130
0.470911
0.471780
0.504526
0.504195
0.504005
0.503718
0.511537
0.513309
0.513323
0.548519
0.611203
0.515061
0.530235
0.531877
0.531775
0.561833
0.563546
0.562928
0.563492
0.562851
0.604409
0.599936
0.589755
0.589375
0.608667
0.608542
0.620000
0.621045
0.619715
0.622451
0.659819
0.658983
0.661019
0.762184
0.755551
0.814411
0.815597
0.848088
0.851383
0.652866
0.652301
0.651298
0.652624
0.673220
0.685752
0.688871
0.754844
0.755246
0.832167
0.840696
0.752510
0.835561
0.837784
0.936061
0.937958
0.929034
0.955854
0.938546
0.939760
0.936177
0.937467
0.938136
0.983450
1.060309
1.061121
1.057657
1.057581
1.058123
1.058793
1.426025
1.519698
