-2.461196
-2.428495
-1.983237
-1.996199
-1.998908
-1.690940
-1.691570
-1.709482
-1.687306
-1.666199
-1.012602
-1.053450
-1.011948
-1.009033
-1.009014
-1.009779
-1.009270
-1.010010
-1.010994
-1.013338
-0.863248
-0.868528
-0.848118
-0.859562
-0.812220
-0.812992
-0.815657
-0.815719
-0.818764
-0.677904
-0.676378
-0.675726
-0.676552
-0.700292
-0.665544
-0.677444
-0.677568
-0.702992
-0.667816
-0.677504
-0.676913
-0.677973
-0.678219
-0.511957
-0.514100
-0.523105
-0.500686
-0.488669
-0.488090
-0.534282
-0.533807
-0.503348
-0.501765
-0.511761
-0.526534
-0.493561
-0.439911
-0.413649
-0.433114
-0.411634
-0.424764
-0.425995
-0.423978
-0.426093
-0.380648
-0.381508
-0.381159
-0.386477
-0.403698
-0.382546
-0.382207
-0.394540
-0.410032
-0.388594
-0.408610
-0.398878
-0.395041
-0.406826
-0.414211
-0.435128
-0.397502
-0.414738
-0.333093
-0.296682
-0.293950
-0.293597
-0.292667
-0.269478
-0.269450
-0.269394
-0.305296
-0.281416
-0.291410
-0.288145
-0.270529
-0.282465
-0.284430
-0.283341
-0.267588
-0.258709
-0.249457
-0.246121
-0.220908
-0.226852
-0.230069
-0.233324
-0.232328
-0.261704
-0.229295
-0.237451
-0.234214
-0.233357
-0.238769
-0.240084
-0.232494
-0.237630
-0.181725
-0.181111
-0.180674
-0.181440
-0.181207
-0.179933
-0.180645
-0.165589
-0.183397
-0.181250
-0.167139
-0.177227
-0.177580
-0.177812
-0.178930
-0.179061
-0.147224
-0.157927
-0.157710
-0.157991
-0.157853
-0.150174
-0.137352
-0.136996
-0.102845
-0.102772
-0.099643
-0.101517
-0.102960
-0.103265
-0.102024
-0.100193
-0.102543
-0.097684
-0.100400
-0.099346
-0.097975
-0.098205
-0.110488
-0.113138
-0.116273
-0.106729
-0.144136
-0.146604
-0.100942
-0.098497
-0.144987
-0.145876
-0.147710
-0.128762
-0.145871
-0.147402
-0.145919
-0.124495
-0.097544
-0.071966
-0.096256
-0.095901
-0.096424
-0.096358
-0.050178
-0.049804
-0.050854
-0.051567
-0.051461
-0.051786
-0.057058
-0.039119
-0.028029
-0.027548
-0.028150
-0.028096
-0.016760
-0.017293
-0.017013
-0.010343
-0.040007
-0.040111
-0.039742
-0.040865
-0.037745
-0.041995
-0.042182
-0.041509
-0.039200
-0.040781
-0.061451
-0.061692
-0.060687
-0.060883
-0.060191
-0.060094
-0.060557
-0.032980
-0.010220
-0.032291
-0.031442
-0.031159
-0.029851
-0.031779
-0.029151
-0.005234
-0.004903
0.023791
0.023474
0.024075
0.021443
0.018627
0.021239
0.021493
0.023425
0.024351
0.000848
0.014906
0.034289
0.038544
-0.004078
-0.006149
-0.000966
0.014158
0.013898
0.014344
0.009094
0.009834
0.010274
0.010705
0.010744
0.038184
0.038441
0.033475
0.033795
0.050946
0.027579
0.042249
0.041334
0.040749
0.059123
0.067214
0.067767
0.067872
0.066989
0.067406
0.067505
0.067322
0.061761
0.069598
0.075088
0.087303
0.099577
0.089574
0.089525
0.089960
0.090233
0.087819
0.089930
0.121197
0.120995
0.121070
0.121245
0.109866
0.130371
0.120497
0.118440
0.120550
0.104814
0.123090
0.145052
0.145090
0.121190
0.121883
0.123548
0.122827
0.109507
0.110230
0.131293
0.132195
0.123713
0.124573
0.125104
0.125716
0.151862
0.152095
0.152157
0.150360
0.155109
0.152192
0.152315
0.152671
0.152400
0.152139
0.152114
0.152274
0.152625
0.152698
0.171928
0.171709
0.173103
0.172001
0.172837
0.172374
0.162631
0.178572
0.173497
0.171812
0.173013
0.172883
0.174088
0.171399
0.174590
0.173190
0.173995
0.250611
0.250598
0.244612
0.207793
0.253779
0.235809
0.232622
0.227675
0.193914
0.190048
0.195325
0.194183
0.194216
0.200013
0.213867
0.215882
0.215609
0.227433
0.227386
0.249095
0.250705
0.249188
0.249976
0.249140
0.250344
0.281409
0.288990
0.281999
0.290172
0.285991
0.285791
0.286486
0.315691
0.317448
0.316942
0.321663
0.324321
0.320316
0.318179
0.320057
0.318902
0.287079
0.327058
0.321793
0.317614
0.279648
0.319861
0.322204
0.320483
0.319391
0.321647
0.317829
0.318964
0.324010
0.321534
0.300757
0.298335
0.328993
0.328606
0.330564
0.332127
0.407413
0.409151
0.408770
0.394690
0.394256
0.425763
0.425990
0.407807
0.407767
0.409415
0.405644
0.407906
0.408292
0.409957
0.409070
0.408484
0.409988
0.408182
0.408528
0.407606
0.408821
0.411602
0.410282
0.411463
0.410821
0.412738
0.415583
0.418588
0.414373
0.517086
0.516006
0.518439
0.515943
0.517203
0.495115
0.534484
0.494454
0.493434
0.495184
0.492420
0.485641
0.510878
0.496178
0.495580
0.548317
0.536914
0.571888
0.523299
0.561950
0.605636
0.696690
0.679417
0.648120
0.648477
0.668119
0.689632
0.651506
0.653079
0.686376
0.669629
0.653509
0.685500
0.783455
0.779309
0.780889
0.782105
0.780672
0.782713
0.799984
0.799916
0.805606
0.813266
0.813532
0.829457
0.829075
0.959522
0.962825
0.961448
0.963296
0.996926
0.996357
1.026362
1.018731
1.269876
1.303186
1.282817
