-1.649557
-1.651950
-1.650775
-0.779320
-0.780996
-0.781767
-0.779190
-0.779727
-0.780148
-0.781380
-0.779754
-0.782662
-0.783356
-0.780829
-0.791743
-0.642723
-0.642643
-0.611988
-0.612320
-0.584612
-0.587109
-0.585185
-0.582959
-0.601066
-0.507322
-0.508216
-0.508296
-0.508882
-0.510351
-0.488900
-0.475932
-0.456490
-0.487664
-0.471041
-0.448821
-0.448044
-1.879878
-1.064198
-0.570863
-0.576576
-0.574086
-0.406829
-0.409846
-0.397567
-0.394938
-0.393165
-0.388601
-0.388687
-0.373252
-0.372865
-0.377738
-0.352556
-0.352986
-0.353122
-0.352475
-0.319737
-0.319861
-0.287841
-0.288402
-0.328097
-0.328290
-0.303288
-0.280422
-0.344622
-0.343775
-0.306107
-0.306684
-0.325600
-0.305397
-0.248394
-0.250314
-0.231711
-0.250770
-0.249850
-0.247724
-0.248211
-0.256106
-0.237799
-0.247609
-0.253696
-0.236799
-0.225919
-0.226028
-0.214835
-0.214690
-0.223353
-0.223523
-0.211449
-0.204869
-0.206302
-0.203643
-0.200753
-0.200781
-0.178630
-0.178247
-0.221594
-0.186265
-0.185987
-0.203138
-0.190642
-0.200301
-0.202762
-0.198511
-0.217726
-0.190719
-0.147696
-0.147423
-0.127149
-0.126590
-0.137101
-0.118282
-0.135646
-0.133245
-0.135539
-0.134318
-0.133564
-0.131976
-0.132264
-0.132943
-0.133639
-0.128208
-0.127118
-0.129212
-0.105348
-0.104822
-0.105361
-0.105429
-0.104889
-0.104763
-0.104961
-0.078317
-0.084771
-0.066286
-0.083150
-0.064438
-0.077586
-0.076259
-0.110143
-0.083941
-0.086800
-0.087382
-0.094389
-0.095267
-0.051416
-0.050908
-0.051776
-0.051548
-0.051320
-0.054016
-0.046927
-0.042021
-0.041948
-0.017992
-0.019469
-0.018962
-0.018015
-0.017621
-0.036512
-0.037009
-0.054228
-0.033217
-0.035051
-0.035618
-0.006609
-0.006279
-0.007121
-0.007206
-0.010072
0.005789
0.009706
-0.021827
0.014485
0.014408
0.027102
0.052554
0.044326
0.043276
0.044648
0.015749
0.027852
0.021843
0.021479
0.021689
0.022087
0.049657
0.049606
0.034309
0.051431
0.050776
0.016566
0.016423
0.016534
0.015959
0.039685
0.035909
0.037289
0.037243
0.054608
0.067128
0.061967
0.062098
0.024934
0.025907
0.039741
0.047809
0.056168
0.066678
0.022349
0.021526
0.047975
0.047600
0.067952
0.068524
0.068046
0.088189
0.087974
0.105397
0.121778
0.122233
0.121541
0.079835
0.107526
0.110572
0.096417
0.119037
0.105202
0.104577
0.105166
0.106104
0.106400
0.087813
0.078477
0.091259
0.099897
0.082130
0.094048
0.088845
0.089297
0.088839
0.115594
0.116025
0.116491
0.101660
0.101616
0.110051
0.125780
0.107774
0.108002
0.107791
0.108211
0.125276
0.125780
0.126315
0.126159
0.141927
0.142303
0.142721
0.167963
0.168852
0.166656
0.156151
0.154787
0.157020
0.180993
0.141310
0.141780
0.152792
0.146289
0.147055
0.157851
0.171348
0.171350
0.162801
0.176459
0.171585
0.171441
0.172286
0.194065
0.193159
0.208686
0.195687
0.196524
0.195038
0.212741
0.199087
0.198273
0.198614
0.198369
0.193890
0.193820
0.194013
0.194344
0.205725
0.212060
0.210108
0.210319
0.243093
0.246739
0.244246
0.278443
0.256281
0.236950
0.236854
0.260516
0.277217
0.234848
0.234811
0.234173
0.236280
0.227360
0.227686
0.247437
0.246838
0.268973
0.268793
0.257262
0.273712
0.269394
0.269863
0.269839
0.270047
0.221962
0.222162
0.221714
0.232155
0.232382
0.218638
0.223586
0.221553
0.221725
0.232146
0.231949
0.232152
0.232022
0.262680
0.263146
0.245008
0.270594
0.263705
0.263185
0.268516
0.256908
0.256935
0.252284
0.270169
0.285266
0.285263
0.281012
0.291033
0.313469
0.312590
0.356274
0.353905
0.352426
0.339046
0.357703
0.376590
0.322254
0.323522
0.323826
0.323356
0.358699
0.358370
0.359688
0.310025
0.309595
0.310328
0.310737
0.340675
0.339496
0.337990
0.338235
0.306007
0.305383
0.329985
0.330287
0.351579
0.351851
0.352370
0.352441
0.369287
0.369583
0.369962
0.363287
0.376588
0.361620
0.376054
0.372229
0.372143
0.367246
0.368072
0.377717
0.381958
0.401609
0.400536
0.400808
0.401853
0.402409
0.402123
0.403671
0.403423
0.404078
0.403631
0.434771
0.434713
0.431939
0.432305
0.433172
0.455528
0.453799
0.453949
0.392143
0.392129
0.392838
0.391984
0.392143
0.392577
0.403710
0.404084
0.404177
0.404445
0.409358
0.424084
0.426967
0.427325
0.427511
0.427565
0.428075
0.441624
0.445133
0.444825
0.444938
0.445074
0.458294
0.457968
0.459656
0.458853
0.529466
0.518818
0.560718
0.563525
0.564220
0.562313
0.560960
0.483976
0.483241
0.517025
0.556262
0.555219
0.556058
0.554807
0.555546
0.474851
0.476816
0.480055
0.509377
0.509586
0.511631
0.510202
0.551876
0.545977
0.547420
0.546330
0.531812
0.541627
0.564385
0.568613
0.500349
0.499463
0.500119
0.500127
0.534227
0.537064
0.539419
0.571848
0.572214
0.563295
0.581718
0.598371
0.631198
0.628353
0.624661
0.611089
0.643964
0.627139
0.593572
0.597247
0.602180
0.629451
0.632021
0.629787
0.629874
0.632138
0.619368
0.619968
0.642077
0.653891
0.601067
0.601176
0.638008
0.639872
0.640719
0.684498
0.686101
0.683526
0.689962
0.685761
0.690099
0.688808
0.687606
0.688375
0.688862
0.846272
1.020339
1.048998
0.724193
0.722526
0.721801
0.721612
0.780919
0.780292
0.782505
0.763217
0.795848
0.901537
1.039572
0.892762
0.894114
0.899546
1.041774
1.066889
1.083858
1.082712
1.093226
1.119327
1.117301
1.119669
1.120096
1.108066
1.105974
1.148019
1.357331
1.356220
1.372309
1.396107
1.759642
1.906756
