-2.275097
-2.241719
-1.862315
-1.530363
-1.491360
-1.556215
-0.812627
-0.770113
-0.809464
-0.806576
-0.807343
-0.808494
-0.810731
-0.810148
-0.824882
-0.826182
-0.826160
-0.793839
-0.795391
-0.795266
-0.793630
-0.667157
-0.667412
-0.682189
-0.649471
-0.667322
-0.666982
-0.669319
-0.540312
-0.539301
-0.538610
-0.540630
-0.459456
-0.468985
-0.453330
-0.655790
-0.432431
-0.431966
-0.414747
-0.403535
-0.442053
-0.442062
-0.434096
-0.416061
-0.423305
-0.420187
-0.421120
-0.417968
-0.338044
-0.337747
-0.289938
-0.289449
-0.337950
-0.334415
-0.343756
-0.340689
-0.365341
-0.366195
-0.324343
-0.327985
-0.325746
-0.358483
-0.358362
-0.359834
-0.320926
-0.322564
-0.320736
-0.281198
-0.281035
-0.280860
-0.276688
-0.256420
-0.273334
-0.253889
-0.256240
-0.255294
-0.209560
-0.186904
-0.211487
-0.179569
-0.179672
-0.178963
-0.206820
-0.207743
-0.209406
-0.207208
-0.210576
-0.218048
-0.221659
-0.228403
-0.231820
-0.195012
-0.166401
-0.142789
-0.149665
-0.148140
-0.123135
-0.170717
-0.156684
-0.133714
-0.133523
-0.141021
-0.108321
-0.108960
-0.108726
-0.106734
-0.108797
-0.121406
-0.116690
-0.109462
-0.099491
-0.106500
-0.105944
-0.105408
-0.105293
-0.124787
-0.129955
-0.130105
-0.125689
-0.136234
-0.139931
-0.105208
-0.075980
-0.076483
-0.076060
-0.074771
-0.075077
-0.076686
-0.075666
-0.075926
-0.074762
-0.074088
-0.085869
-0.070876
-0.051908
-0.051421
-0.051661
-0.051388
-0.032963
-0.033048
-0.032960
-0.047120
-0.045347
-0.044445
-0.046341
-0.045351
-0.044774
-0.068134
-0.069211
-0.049764
-0.065579
-0.064057
-0.064598
-0.035610
-0.034945
-0.035179
-0.058383
-0.055093
-0.056368
0.002347
0.001689
0.003871
0.002188
0.004781
-0.021068
0.004996
0.005554
-0.022392
0.004950
0.003911
0.004169
0.001020
0.004068
0.002715
0.003137
0.003328
0.002010
0.002091
-0.017269
-0.017159
-0.019207
-0.019333
-0.011098
-0.011110
-0.022309
-0.014197
-0.014234
0.009992
0.005579
0.005560
0.005181
0.019209
0.025127
0.022349
0.027956
0.054952
0.054983
0.055871
0.053710
0.054668
0.052019
0.052117
0.087351
0.087050
0.041304
0.041832
0.052946
0.052869
0.055212
0.055219
0.042704
0.044093
0.044843
0.044498
0.044944
0.044830
0.044278
0.071839
0.070288
0.071611
0.072388
0.071415
0.069500
0.073323
0.075478
0.069233
0.083358
0.070037
0.087117
0.087215
0.090773
0.112388
0.112505
0.112601
0.102484
0.120580
0.112463
0.111243
0.110635
0.129248
0.111425
0.110856
0.096817
0.104835
0.118097
0.119090
0.108623
0.109641
0.127487
0.111332
0.142821
0.142746
0.143453
0.135909
0.152038
0.144439
0.143355
0.144457
0.143715
0.132295
0.148311
0.144481
0.144858
0.145603
0.145580
0.146381
0.147107
0.145795
0.147289
0.163887
0.175470
0.204153
0.203894
0.203250
0.193223
0.178706
0.178956
0.179007
0.178516
0.179202
0.179128
0.170404
0.170137
0.170024
0.183316
0.183445
0.192022
0.191890
0.205549
0.206558
0.206662
0.206615
0.223775
0.203710
0.203996
0.219326
0.219486
0.225017
0.225036
0.250858
0.250729
0.228961
0.238662
0.235592
0.235237
0.244752
0.258170
0.258263
0.258102
0.259273
0.258387
0.257957
0.258363
0.258675
0.277286
0.277761
0.277240
0.292424
0.292739
0.292405
0.285166
0.287648
0.282641
0.282678
0.300023
0.300163
0.285366
0.286176
0.287138
0.287484
0.288196
0.289680
0.288528
0.286856
0.351173
0.344912
0.351253
0.345165
0.343605
0.341185
0.339647
0.343631
0.336965
0.338919
0.338317
0.340987
0.337577
0.309488
0.309179
0.308876
0.309392
0.309328
0.315625
0.335221
0.335858
0.334612
0.359622
0.359842
0.360268
0.360155
0.361102
0.361233
0.360481
0.361106
0.375503
0.376334
0.376639
0.376291
0.376243
0.377364
0.452710
0.446531
0.446663
0.394128
0.443597
0.438331
0.439037
0.479692
0.478918
0.401521
0.402065
0.401082
0.402450
0.424338
0.425459
0.461532
0.458747
0.457912
0.451487
0.451596
0.451714
0.451635
0.486108
0.486662
0.488836
0.488356
0.524188
0.520318
0.557636
0.563023
0.525224
0.529620
0.529665
0.528263
0.529357
0.594547
0.593356
0.590247
0.592809
0.583190
0.582994
0.582880
0.583371
0.598268
0.598342
0.611900
0.611810
0.688201
0.732158
0.759110
0.647124
0.650595
0.652078
0.659787
0.679537
0.690775
0.699571
0.703761
0.720645
0.790637
0.790959
0.790481
0.788430
0.790467
0.794492
0.791427
0.791244
0.829918
0.830121
1.024559
1.025814
1.015452
0.994857
0.986175
0.983806
0.970123
1.003978
1.274596
1.276323
1.273449
