-2.126139
-2.128330
-2.151508
-2.117457
-2.126643
-2.101515
-2.128032
-2.121841
-1.437688
-1.419755
-1.406614
-1.386570
-1.383943
-1.429285
-1.412909
-1.402223
-1.383118
-1.403188
-1.418406
-1.386358
-0.988382
-0.988955
-0.987833
-0.988470
-0.971604
-0.970326
-0.967610
-0.967671
-0.961199
-0.944598
-0.952406
-0.952318
-0.973386
-0.817118
-0.823400
-0.774864
-0.783682
-0.784588
-0.782871
-0.685366
-0.684205
-0.687201
-0.686223
-0.732909
-0.698318
-0.675163
-0.666367
-0.656281
-0.553544
-0.551584
-0.537992
-0.520939
-0.496057
-0.516011
-0.492099
-0.486569
-0.461718
-0.449484
-0.465501
-0.465658
-0.467040
-0.419862
-0.419344
-0.423077
-0.419467
-0.420568
-0.419557
-0.474077
-0.439136
-0.449239
-0.457692
-0.475056
-0.444388
-0.458453
-0.337956
-0.335285
-0.355783
-0.342802
-0.326353
-0.325294
-0.326817
-0.325871
-0.325749
-0.308007
-0.307777
-0.310875
-0.305863
-0.301858
-0.275822
-0.274862
-0.248389
-0.248206
-0.275061
-0.228173
-0.239707
-0.232918
-0.228882
-0.221048
-0.228607
-0.226297
-0.228946
-0.227559
-0.288257
-0.302285
-0.302706
-0.273771
-0.270444
-0.227338
-0.227253
-0.225949
-0.224617
-0.225958
-0.287117
-0.289154
-0.288410
-0.288775
-0.285375
-0.288545
-0.227835
-0.217723
-0.198189
-0.197946
-0.198400
-0.198664
-0.207001
-0.188188
-0.210540
-0.192897
-0.198350
-0.197229
-0.197149
-0.205906
-0.189494
-0.179211
-0.175288
-0.172516
-0.170076
-0.154234
-0.137198
-0.152014
-0.152095
-0.156536
-0.154436
-0.156134
-0.169568
-0.152331
-0.139329
-0.139357
-0.196531
-0.194921
-0.196632
-0.199786
-0.199159
-0.178532
-0.179082
-0.154347
-0.153878
-0.154165
-0.153481
-0.153106
-0.155751
-0.137874
-0.200826
-0.159605
-0.175482
-0.209294
-0.209755
-0.196292
-0.196455
-0.156708
-0.157955
-0.122248
-0.122643
-0.121383
-0.121563
-0.107057
-0.134360
-0.129166
-0.133329
-0.127914
-0.123935
-0.114378
-0.113699
-0.103507
-0.103429
-0.103250
-0.103539
-0.104915
-0.101968
-0.081379
-0.081902
-0.089973
-0.069215
-0.081616
-0.081281
-0.082233
-0.081566
-0.120027
-0.126375
-0.109322
-0.117270
-0.083794
-0.083037
-0.096168
-0.075718
-0.085455
-0.083590
-0.084200
-0.132416
-0.101452
-0.101179
-0.101273
-0.103057
-0.102994
-0.079808
-0.068673
-0.068826
-0.069858
-0.070082
-0.075206
-0.062861
-0.056078
-0.053669
-0.054636
-0.051878
-0.050226
-0.048351
-0.031780
-0.013561
0.001595
-0.026624
-0.006099
0.002315
0.002380
-0.018721
-0.018765
-0.019989
-0.041534
-0.041731
-0.055563
-0.052813
-0.039935
-0.021658
-0.004346
-0.014399
-0.014481
0.011220
-0.056040
-0.048267
-0.042105
-0.033982
-0.009872
-0.017515
-0.015834
-0.021339
0.018940
0.018721
0.057248
0.056646
0.059455
0.054572
0.085542
0.085644
0.062218
0.060208
0.064770
0.063519
0.061323
0.062328
0.055325
0.049775
0.023052
0.057759
0.056934
0.042096
0.041150
0.069460
0.069751
0.043566
0.037402
0.064200
0.078913
0.078600
0.078612
0.078906
0.086104
0.086067
0.088794
0.088785
0.075763
0.081011
0.078434
0.078507
0.086541
0.089648
0.086737
0.086917
0.094956
0.095052
0.094055
0.099769
0.101759
0.106279
0.106649
0.100692
0.112852
0.118158
0.112372
0.117490
0.128979
0.127905
0.128955
0.143534
0.143820
0.093412
0.117647
0.117472
0.118911
0.112844
0.115884
0.114249
0.115630
0.117861
0.118259
0.114433
0.115496
0.107213
0.126218
0.136534
0.144335
0.143789
0.144294
0.143886
0.144155
0.151401
0.157117
0.157113
0.157272
0.157045
0.181119
0.201579
0.190249
0.188157
0.190237
0.187426
0.188141
0.156167
0.186263
0.187132
0.184006
0.185350
0.206433
0.211050
0.214380
0.220709
0.220273
0.229059
0.218220
0.230736
0.220625
0.221281
0.220684
0.221384
0.221210
0.210461
0.222745
0.222847
0.242576
0.235156
0.234885
0.234937
0.236982
0.241141
0.249363
0.238377
0.245847
0.245110
0.245215
0.276286
0.299356
0.276370
0.303432
0.303597
0.308728
0.276543
0.255207
0.276068
0.273358
0.270006
0.290434
0.274418
0.275410
0.296548
0.296442
0.296576
0.298776
0.303945
0.309653
0.316907
0.317109
0.317416
0.359543
0.359664
0.338761
0.365518
0.359210
0.355832
0.378291
0.318944
0.318798
0.319400
0.320100
0.328893
0.352739
0.353064
0.354180
0.334959
0.353065
0.370737
0.377630
0.382380
0.382394
0.389460
0.389241
0.395821
0.388368
0.387945
0.380370
0.389593
0.389811
0.390365
0.389576
0.411134
0.413111
0.414851
0.414855
0.411747
0.416453
0.441815
0.444725
0.420563
0.451092
0.461323
0.468690
0.480203
0.502230
0.456907
0.456709
0.457410
0.457886
0.487687
0.486303
0.484804
0.515217
0.524931
0.519543
0.512628
0.516112
0.524352
0.608430
0.607071
0.605067
0.601658
0.606650
0.600132
0.593417
0.592730
0.583537
0.551898
0.555337
0.552378
0.553826
0.572925
0.575482
0.599067
0.679959
0.662699
0.696113
0.666532
0.666601
0.680418
0.693468
0.667296
0.692124
0.718243
0.828917
0.874897
0.871915
0.855208
0.861650
0.863813
0.857477
0.864096
0.851280
0.901255
0.853239
1.231103
1.232151
1.231953
