-2.387148
-2.355526
-2.353119
-1.561810
-1.556595
-1.565975
-1.555851
-1.565801
-1.602796
-1.543296
-1.908703
-0.873153
-0.874452
-0.884489
-0.864158
-0.874490
-0.876972
-0.881905
-0.883680
-0.881864
-0.866532
-0.860512
-0.842858
-0.855727
-0.840560
-0.841839
-0.839394
-0.840537
-0.686779
-0.686110
-0.705276
-0.669171
-0.718625
-0.719947
-0.677531
-0.677980
-0.678434
-0.576069
-0.549033
-0.568709
-0.532816
-0.561537
-0.565447
-0.565338
-0.451776
-0.473572
-0.472560
-0.457619
-0.454717
-0.438633
-0.436983
-0.476918
-0.475622
-0.448882
-0.447701
-0.447185
-0.424482
-0.362995
-0.361638
-0.366262
-0.359409
-0.376652
-0.341404
-0.366452
-0.367263
-0.391101
-0.356830
-0.367348
-0.374933
-0.303914
-0.302742
-0.279919
-0.279857
-0.283798
-0.282821
-0.284443
-0.267424
-0.267390
-0.256187
-0.256544
-0.255572
-0.254739
-0.287999
-0.283716
-0.257243
-0.257447
-0.256285
-0.256103
-0.223497
-0.223546
-0.222312
-0.223362
-0.225459
-0.224431
-0.222828
-0.223389
-0.201166
-0.201180
-0.192811
-0.179259
-0.185446
-0.187942
-0.186008
-0.232356
-0.233080
-0.213444
-0.212796
-0.229989
-0.193395
-0.178263
-0.187754
-0.187685
-0.188247
-0.185017
-0.164011
-0.163746
-0.163837
-0.163189
-0.163748
-0.163310
-0.149634
-0.149467
-0.149895
-0.149088
-0.149758
-0.149551
-0.145134
-0.158265
-0.165575
-0.150869
-0.125572
-0.144236
-0.144305
-0.133726
-0.114129
-0.122266
-0.124199
-0.123257
-0.122860
-0.124411
-0.139819
-0.119691
-0.126527
-0.125377
-0.093089
-0.092528
-0.093122
-0.098055
-0.087507
-0.076614
-0.064453
-0.070195
-0.071250
-0.070046
-0.070316
-0.071123
-0.081872
-0.078335
-0.081676
-0.078463
-0.078310
-0.078064
-0.077595
-0.077666
-0.077502
-0.077726
-0.049203
-0.048566
-0.048548
-0.049146
-0.048678
-0.048578
-0.048871
-0.047630
-0.047859
-0.048982
-0.048417
-0.048944
-0.039026
-0.023310
-0.024315
-0.024259
-0.024703
-0.024385
-0.024427
-0.029239
-0.016686
-0.024815
-0.024222
-0.024286
-0.023964
-0.035225
-0.029303
-0.020877
-0.014356
0.000118
0.000530
0.001699
0.001428
0.001192
-0.000286
0.001319
0.000457
-0.010892
-0.010795
-0.007310
-0.000579
0.007116
0.007004
0.013036
0.012860
-0.007878
0.006361
0.001920
0.001284
0.001844
0.002228
0.039165
0.040575
0.063524
0.071121
0.071286
0.070801
0.036175
0.056244
0.041919
0.064668
0.073058
0.040112
0.041020
0.036668
0.058757
0.039030
0.064127
0.071778
0.071393
0.072237
0.018275
0.023686
0.022228
0.029271
0.023862
0.024216
0.023913
0.023968
0.023980
0.022222
0.029047
0.031899
0.031977
0.031946
0.055164
0.053939
0.054763
0.055543
0.054049
0.055788
0.053201
0.054624
0.112590
0.116587
0.111470
0.106619
0.133962
0.148223
0.106699
0.108289
0.105046
0.134822
0.146579
0.146206
0.112232
0.114127
0.079192
0.083100
0.082531
0.080259
0.080252
0.084169
0.084286
0.107786
0.127230
0.111395
0.112201
0.112393
0.112652
0.112646
0.131314
0.143191
0.143435
0.142822
0.142619
0.142680
0.137551
0.149219
0.156526
0.156380
0.144524
0.144965
0.144124
0.144986
0.182502
0.180777
0.179911
0.209187
0.190240
0.188704
0.191574
0.188947
0.189083
0.188126
0.161018
0.164249
0.192227
0.192340
0.181899
0.182509
0.183382
0.166522
0.187263
0.200354
0.210366
0.210042
0.203981
0.203680
0.211060
0.218369
0.255399
0.256468
0.257519
0.234962
0.234681
0.248683
0.268279
0.253719
0.253740
0.258777
0.227315
0.227928
0.227700
0.228122
0.228239
0.227940
0.228542
0.236630
0.236362
0.236784
0.259833
0.257345
0.259914
0.260063
0.286973
0.286990
0.287621
0.286515
0.287220
0.281644
0.293042
0.288312
0.288754
0.288440
0.288602
0.337597
0.334293
0.336511
0.321473
0.354027
0.319315
0.352099
0.312423
0.344554
0.307934
0.307892
0.304115
0.312432
0.304061
0.313012
0.307134
0.308117
0.327219
0.326773
0.327070
0.327488
0.337774
0.340762
0.340456
0.355805
0.355574
0.356753
0.356673
0.357075
0.356941
0.353587
0.354450
0.367598
0.377060
0.376775
0.396699
0.395531
0.388162
0.388799
0.388122
0.388351
0.388400
0.390397
0.390531
0.391152
0.388477
0.446390
0.445531
0.444103
0.447420
0.448343
0.448257
0.445016
0.449935
0.448511
0.448246
0.433171
0.433926
0.446755
0.461741
0.527122
0.569731
0.510992
0.509236
0.542791
0.569772
0.570375
0.571634
0.490523
0.505104
0.532167
0.561528
0.525912
0.537374
0.533317
0.530992
0.507196
0.506683
0.529346
0.552859
0.584758
0.584278
0.584215
0.584928
0.585136
0.583624
0.584178
0.584955
0.586841
0.585146
0.618355
0.619778
0.615692
0.614320
0.616299
0.689929
0.684720
0.682914
0.757196
0.755255
0.752454
0.611496
0.612982
0.611922
0.613862
0.612529
0.611911
0.612345
0.614266
0.676312
0.678274
0.675249
0.676504
0.740324
0.734972
0.724688
0.757682
0.765948
0.771217
0.815667
0.849378
0.831990
0.834980
0.834144
0.824978
0.821424
0.830918
0.832662
0.830833
0.825786
0.825203
0.824843
0.933420
0.960394
0.961296
0.978085
1.008672
0.993888
1.294121
1.296902
1.299342
