-2.732658
-2.667901
-2.430170
-2.260428
-2.242685
-2.222303
-1.847864
-1.823573
-1.815760
-1.807649
-1.796831
-1.783853
-1.652342
-1.608960
-1.419192
-1.384305
-1.363661
-1.360442
-1.354210
-1.341225
-1.150596
-1.138601
-1.133516
-1.129319
-1.121893
-1.113495
-1.100808
-1.087089
-1.082306
-1.071890
-0.985332
-0.970466
-0.965968
-0.935946
-0.890818
-0.886772
-0.883267
-0.880326
-0.870192
-0.858637
-0.851973
-0.841870
-0.833755
-0.828359
-0.806453
-0.787523
-0.783946
-0.774813
-0.718303
-0.702240
-0.696934
-0.693444
-0.692017
-0.691370
-0.689224
-0.686153
-0.683206
-0.681153
-0.680321
-0.679410
-0.672519
-0.659154
-0.650563
-0.646733
-0.643935
-0.640771
-0.636812
-0.633423
-0.619272
-0.607363
-0.605823
-0.601085
-0.594295
-0.582511
-0.571481
-0.568017
-0.562092
-0.556253
-0.553345
-0.548328
-0.543900
-0.541168
-0.539360
-0.533772
-0.528783
-0.527355
-0.526059
-0.524350
-0.508897
-0.496525
-0.495670
-0.491221
-0.484301
-0.476905
-0.471127
-0.461279
-0.448136
-0.443113
-0.442023
-0.441202
-0.438422
-0.435850
-0.434939
-0.433827
-0.432542
-0.431105
-0.429855
-0.428990
-0.426914
-0.424302
-0.422084
-0.420690
-0.419487
-0.418259
-0.417118
-0.416267
-0.414487
-0.412735
-0.411557
-0.410379
-0.409384
-0.408457
-0.391225
-0.374902
-0.373547
-0.372937
-0.372108
-0.370634
-0.368400
-0.366731
-0.345179
-0.324807
-0.324174
-0.323467
-0.322749
-0.318287
-0.314148
-0.313720
-0.313101
-0.312496
-0.311868
-0.311248
-0.310503
-0.309474
-0.308723
-0.305183
-0.301345
-0.300266
-0.299146
-0.298330
-0.297748
-0.297230
-0.295646
-0.293911
-0.293210
-0.283805
-0.272431
-0.264971
-0.259264
-0.258346
-0.257421
-0.256453
-0.255550
-0.254982
-0.254369
-0.253698
-0.253146
-0.250261
-0.247263
-0.246908
-0.245028
-0.242264
-0.240997
-0.239317
-0.237546
-0.236815
-0.236265
-0.235904
-0.235050
-0.232072
-0.229421
-0.228746
-0.227986
-0.227311
-0.226596
-0.225907
-0.223988
-0.221970
-0.215537
-0.202313
-0.194175
-0.186723
-0.179518
-0.172718
-0.166316
-0.165868
-0.165425
-0.165037
-0.164093
-0.163213
-0.162383
-0.160859
-0.159745
-0.159384
-0.158992
-0.158466
-0.157087
-0.155759
-0.155335
-0.154934
-0.154563
-0.154023
-0.153305
-0.152799
-0.151900
-0.145707
-0.138133
-0.128095
-0.119568
-0.118909
-0.118328
-0.117979
-0.115619
-0.113374
-0.112984
-0.112589
-0.112197
-0.111604
-0.110058
-0.108588
-0.108073
-0.107368
-0.103492
-0.099938
-0.099538
-0.099076
-0.098686
-0.098339
-0.098074
-0.096565
-0.087910
-0.080626
-0.080312
-0.079941
-0.079503
-0.078900
-0.078406
-0.078089
-0.077517
-0.072737
-0.067940
-0.067079
-0.063558
-0.059984
-0.059209
-0.058065
-0.056792
-0.055592
-0.049682
-0.044556
-0.044260
-0.040777
-0.037397
-0.037099
-0.027024
-0.016793
-0.014500
-0.010982
-0.009706
-0.009411
-0.009108
-0.008789
-0.008458
-0.008034
-0.007600
-0.005033
-0.002565
-0.001988
-0.001043
-0.000304
0.000071
0.000447
0.002597
0.005350
0.006307
0.006768
0.008032
0.013110
0.017405
0.019369
0.025816
0.030758
0.031138
0.031506
0.031853
0.037442
0.044616
0.046325
0.046764
0.048704
0.050712
0.052161
0.065859
0.090426
0.105303
0.109544
0.110735
0.111226
0.111643
0.112309
0.113197
0.113834
0.114317
0.114788
0.115342
0.120632
0.125865
0.126418
0.127048
0.127611
0.128359
0.129155
0.129671
0.130141
0.130516
0.130870
0.131225
0.131850
0.132818
0.133841
0.134433
0.137849
0.141389
0.143615
0.146799
0.150164
0.152466
0.156899
0.161505
0.161929
0.162320
0.162737
0.163221
0.164673
0.176514
0.187693
0.188107
0.188640
0.189194
0.189705
0.190208
0.191751
0.196469
0.200103
0.200496
0.201429
0.205689
0.216220
0.226824
0.230486
0.236778
0.242928
0.243867
0.245350
0.246330
0.246914
0.247513
0.248211
0.250382
0.252901
0.254242
0.261682
0.269868
0.271417
0.272097
0.272516
0.272901
0.273321
0.273967
0.275352
0.287090
0.298091
0.298737
0.304790
0.310853
0.311589
0.312203
0.313022
0.313827
0.317205
0.320574
0.321070
0.321650
0.322771
0.324208
0.325239
0.326119
0.326890
0.332430
0.337980
0.339297
0.340522
0.345401
0.357861
0.365820
0.366520
0.367156
0.369830
0.372398
0.374282
0.376855
0.378203
0.378921
0.379686
0.380664
0.381648
0.382416
0.383183
0.391291
0.399526
0.400804
0.402511
0.404383
0.405793
0.420956
0.437121
0.438852
0.440898
0.450442
0.459545
0.464673
0.469323
0.470198
0.471262
0.472457
0.473638
0.485287
0.496888
0.498654
0.499714
0.501128
0.502730
0.504910
0.506827
0.507876
0.523843
0.543579
0.547086
0.549086
0.550495
0.552075
0.556613
0.566956
0.574715
0.576161
0.577865
0.579708
0.592538
0.605829
0.608505
0.611411
0.614124
0.617318
0.620964
0.623550
0.633837
0.645779
0.650784
0.655015
0.658271
0.662779
0.671350
0.694884
0.711575
0.718396
0.728007
0.741691
0.780634
0.791839
0.799837
0.813414
0.824833
0.832297
0.839760
0.857441
0.980747
0.999482
1.013633
1.032295
1.318813
