-2.660932
-2.225283
-1.940173
-1.686557
-1.467677
-1.287886
-1.256805
-1.096694
-1.064907
-0.905619
-0.889007
-0.879274
-0.870277
-0.859819
-0.843163
-0.723905
-0.708043
-0.700403
-0.695250
-0.690307
-0.685436
-0.680415
-0.675882
-0.671229
-0.666525
-0.660741
-0.654431
-0.643089
-0.616981
-0.606458
-0.600338
-0.595152
-0.590409
-0.585878
-0.581281
-0.576768
-0.572455
-0.567629
-0.562900
-0.557427
-0.551956
-0.542840
-0.527693
-0.517948
-0.512365
-0.507863
-0.503594
-0.499115
-0.494930
-0.491296
-0.487556
-0.483686
-0.479601
-0.475396
-0.470867
-0.466156
-0.461127
-0.456047
-0.451130
-0.446101
-0.441422
-0.436618
-0.432354
-0.428084
-0.424246
-0.420487
-0.416502
-0.412713
-0.408754
-0.404633
-0.400836
-0.396459
-0.392135
-0.388259
-0.384273
-0.380070
-0.376124
-0.372183
-0.368590
-0.365312
-0.361656
-0.357912
-0.354181
-0.350866
-0.347300
-0.343546
-0.339969
-0.336152
-0.332400
-0.328867
-0.325084
-0.321180
-0.317499
-0.313961
-0.310435
-0.307073
-0.303624
-0.300386
-0.297321
-0.294106
-0.290804
-0.287588
-0.284435
-0.281179
-0.277745
-0.274467
-0.271316
-0.268348
-0.265335
-0.262406
-0.259449
-0.256659
-0.253696
-0.250776
-0.248076
-0.245323
-0.242493
-0.239465
-0.236368
-0.233690
-0.230843
-0.228528
-0.226614
-0.224625
-0.222817
-0.220950
-0.219126
-0.217235
-0.215300
-0.213464
-0.211530
-0.209711
-0.207832
-0.206023
-0.204224
-0.202287
-0.200478
-0.198695
-0.196787
-0.194958
-0.193250
-0.191409
-0.189627
-0.187802
-0.186016
-0.184364
-0.182546
-0.180822
-0.179027
-0.177326
-0.175546
-0.173770
-0.171984
-0.170151
-0.168305
-0.166552
-0.164822
-0.163076
-0.161323
-0.159503
-0.157743
-0.156099
-0.154318
-0.152429
-0.150733
-0.149078
-0.147391
-0.145747
-0.144182
-0.142598
-0.140891
-0.139147
-0.137423
-0.135729
-0.134076
-0.132569
-0.130881
-0.129128
-0.127459
-0.125777
-0.124113
-0.122399
-0.120749
-0.119093
-0.117427
-0.115857
-0.114287
-0.112676
-0.111058
-0.109488
-0.107793
-0.106195
-0.104594
-0.102978
-0.101422
-0.099813
-0.098212
-0.096569
-0.094883
-0.093246
-0.091598
-0.089959
-0.088379
-0.086801
-0.085233
-0.083556
-0.081985
-0.080414
-0.078714
-0.077075
-0.075444
-0.073889
-0.072256
-0.070624
-0.068998
-0.067331
-0.065779
-0.064155
-0.062501
-0.060902
-0.059250
-0.057577
-0.055927
-0.054357
-0.052692
-0.051040
-0.049405
-0.047859
-0.046261
-0.044719
-0.043143
-0.041621
-0.040012
-0.038366
-0.036710
-0.035170
-0.033618
-0.031982
-0.030432
-0.028877
-0.027298
-0.025703
-0.024183
-0.022570
-0.021055
-0.019429
-0.017826
-0.016302
-0.014651
-0.013076
-0.011526
-0.009985
-0.008511
-0.007032
-0.005499
-0.004005
-0.002489
-0.000919
0.000605
0.002151
0.003608
0.005029
0.006494
0.007998
0.009463
0.010922
0.012480
0.013993
0.015484
0.016905
0.018395
0.019984
0.021429
0.023014
0.024552
0.026052
0.027508
0.028969
0.030497
0.031947
0.033391
0.034841
0.036274
0.037766
0.039242
0.040732
0.042158
0.043561
0.045134
0.046599
0.048055
0.049532
0.051000
0.052567
0.054011
0.055501
0.056893
0.058296
0.059715
0.061159
0.062626
0.064046
0.065596
0.067126
0.068526
0.069880
0.071245
0.072766
0.074188
0.075667
0.077114
0.078590
0.080009
0.081467
0.082952
0.084393
0.085919
0.087314
0.088778
0.090247
0.091623
0.093056
0.094464
0.095897
0.097329
0.098809
0.100236
0.101661
0.103121
0.104550
0.105987
0.107487
0.108953
0.110286
0.111645
0.113087
0.114500
0.115822
0.117216
0.118614
0.119958
0.121416
0.122816
0.124223
0.125625
0.126967
0.128273
0.129589
0.130940
0.132294
0.133668
0.135097
0.136548
0.137954
0.139277
0.140671
0.142093
0.143469
0.144867
0.146289
0.147679
0.149063
0.150426
0.151807
0.153171
0.154506
0.155851
0.157288
0.158659
0.159977
0.161313
0.162699
0.164083
0.165407
0.166758
0.168114
0.169516
0.170972
0.172387
0.173755
0.175099
0.176558
0.177966
0.179392
0.180858
0.182259
0.183648
0.185057
0.186453
0.187957
0.189434
0.190950
0.192414
0.193850
0.195288
0.196713
0.198137
0.199619
0.201075
0.202499
0.203908
0.205393
0.206813
0.208254
0.209691
0.211216
0.212655
0.214081
0.215508
0.216903
0.218376
0.219771
0.221185
0.222685
0.224118
0.225563
0.227028
0.228522
0.229986
0.231465
0.232900
0.234329
0.235730
0.237151
0.238561
0.240008
0.241421
0.242909
0.244359
0.245843
0.247261
0.248758
0.250145
0.251531
0.252987
0.254415
0.255840
0.257319
0.258726
0.260163
0.261614
0.263032
0.264448
0.265908
0.267362
0.268867
0.270302
0.271693
0.273133
0.274519
0.275943
0.277405
0.278824
0.280188
0.281626
0.283077
0.284529
0.285992
0.287475
0.288929
0.290400
0.291817
0.293268
0.294719
0.296106
0.297471
0.298881
0.300358
0.301828
0.303195
0.304678
0.306196
0.307614
0.309079
0.310467
0.311915
0.313355
0.314798
0.316296
0.317695
0.319061
0.320489
0.321914
0.323312
0.324759
0.326262
0.327722
0.329150
0.330627
0.332078
0.333568
0.335025
0.336466
0.337870
0.339294
0.340766
0.342245
0.343689
0.345060
0.346526
0.347982
0.349413
0.350935
0.352391
0.353827
0.355325
0.356861
0.358390
0.359907
0.361472
0.363028
0.364553
0.366056
0.367535
0.369055
0.370584
0.372090
0.373639
0.375187
0.376777
0.378300
0.379863
0.381391
0.382880
0.384417
0.385862
0.387406
0.388995
0.390586
0.392189
0.393746
0.395188
0.396764
0.398344
0.399928
0.401445
0.402989
0.404508
0.405997
0.407528
0.409093
0.410626
0.412176
0.413723
0.415238
0.416827
0.418387
0.419945
0.421518
0.423107
0.424667
0.426257
0.427803
0.429331
0.430893
0.432450
0.433963
0.435650
0.437161
0.438742
0.440301
0.441855
0.443429
0.445048
0.446601
0.448207
0.449784
0.451437
0.453023
0.454652
0.456274
0.457837
0.459418
0.460977
0.462573
0.464277
0.465878
0.467603
0.469168
0.470768
0.472413
0.474028
0.475714
0.477308
0.478948
0.480633
0.482290
0.483975
0.485713
0.487418
0.489139
0.490836
0.492521
0.494182
0.495888
0.497638
0.499346
0.501070
0.502775
0.504512
0.506247
0.507927
0.509641
0.511413
0.513115
0.514790
0.516570
0.518371
0.520240
0.522062
0.523814
0.525616
0.527346
0.529202
0.531031
0.532857
0.534625
0.536359
0.538278
0.540057
0.541836
0.543655
0.545474
0.547360
0.549118
0.550941
0.552797
0.554496
0.556393
0.558375
0.560197
0.562002
0.563775
0.565834
0.568097
0.570336
0.572566
0.574753
0.576995
0.579265
0.581660
0.583905
0.586253
0.588599
0.590984
0.593103
0.595337
0.597795
0.600235
0.602682
0.605141
0.607530
0.610010
0.612531
0.615064
0.617418
0.619927
0.622438
0.625021
0.627618
0.630313
0.632913
0.635565
0.638183
0.640698
0.643512
0.646237
0.648722
0.651155
0.653769
0.656192
0.658822
0.661383
0.663985
0.666703
0.669454
0.672102
0.674725
0.677500
0.680257
0.682955
0.685685
0.688600
0.691450
0.694220
0.697036
0.699955
0.702972
0.705867
0.708691
0.711889
0.714720
0.717765
0.720727
0.723712
0.726717
0.729822
0.732913
0.735907
0.738484
0.741525
0.744311
0.747250
0.750259
0.753341
0.756084
0.759262
0.762428
0.765562
0.768617
0.771638
0.774907
0.778301
0.781693
0.785347
0.788678
0.791802
0.795177
0.798811
0.801956
0.804942
0.808459
0.811663
0.814915
0.818321
0.821833
0.825680
0.829991
0.833599
0.837533
0.841317
0.845092
0.848820
0.852612
0.856147
0.859721
0.863022
0.866570
0.870268
0.873860
0.877780
0.881624
0.885826
0.890168
0.894581
0.898685
0.903186
0.907421
0.911633
0.916065
0.920080
0.924017
0.927967
0.931812
0.936237
0.940483
0.945237
0.952893
0.964137
0.977694
0.988213
0.995591
1.000067
1.004521
1.009009
1.013244
1.017279
1.021800
1.026520
1.033893
1.046941
1.070395
1.083447
1.092583
1.100231
1.104946
1.109406
1.113971
1.121261
1.130642
1.143737
1.195889
1.213126
1.222792
1.232510
1.242085
1.258384
1.339491
1.360725
1.377563
1.396968
1.525175
1.544836
1.559392
1.578964
1.782979
1.814007
2.338365
