-1.877787
-1.872452
-1.415766
-0.800814
-0.800924
-0.780353
-0.764379
-0.810805
-0.778348
-0.786047
-0.783440
-0.784128
-0.788350
-0.787210
-0.785163
-0.803626
-0.770841
-0.785006
-0.787502
-0.786721
-0.785260
-0.789906
-0.785627
-0.789016
-0.603238
-0.606417
-0.581368
-0.604155
-0.601533
-0.603213
-0.557632
-0.557215
-0.557219
-0.558354
-0.522679
-0.521552
-0.522461
-0.523576
-0.539125
-0.536938
-0.495868
-0.527335
-0.565342
-0.523756
-0.516388
-0.523322
-0.517881
-0.408829
-0.390357
-0.380147
-0.380040
-0.398283
-0.399626
-0.398674
-0.399199
-0.398168
-0.397826
-0.395736
-0.410645
-0.385770
-0.411402
-0.388166
-0.395809
-0.368660
-0.359141
-0.351170
-0.313129
-0.316043
-0.317822
-0.365702
-0.366689
-0.365545
-0.320338
-0.280415
-0.316371
-0.323472
-0.321068
-0.322048
-0.325812
-0.330603
-0.334041
-0.352322
-0.351758
-0.317960
-0.322249
-0.253941
-0.252289
-0.253363
-0.231308
-0.231167
-0.226153
-0.270869
-0.243474
-0.242940
-0.240818
-0.242861
-0.213081
-0.212643
-0.212324
-0.212644
-0.187863
-0.187594
-0.171627
-0.171580
-0.202658
-0.202503
-0.207103
-0.175183
-0.174935
-0.174538
-0.174311
-0.224775
-0.235687
-0.199326
-0.159606
-0.159885
-0.159268
-0.133925
-0.133743
-0.133183
-0.132867
-0.137444
-0.136650
-0.136627
-0.153984
-0.137392
-0.124384
-0.111180
-0.099293
-0.105266
-0.106382
-0.105388
-0.106234
-0.105777
-0.103517
-0.108413
-0.096069
-0.103715
-0.103940
-0.128952
-0.127753
-0.123589
-0.147656
-0.122594
-0.101643
-0.064894
-0.065540
-0.062859
-0.064516
-0.065126
-0.084043
-0.083555
-0.061544
-0.062700
-0.043233
-0.079614
-0.080028
-0.079283
-0.079444
-0.052855
-0.051787
-0.052290
-0.052371
-0.051422
-0.051280
-0.032186
-0.032380
-0.021940
-0.022507
-0.026726
-0.026339
-0.027124
-0.026390
-0.026113
-0.025722
-0.025612
-0.024989
-0.026254
-0.026321
-0.028344
0.020944
0.006656
0.005670
0.040946
0.039819
0.020480
-0.010759
-0.011063
-0.003851
0.021602
-0.012006
0.011386
0.010214
-0.000214
-0.000888
0.019956
0.019867
0.041502
0.040931
0.042014
0.041784
0.040458
-0.005070
-0.004893
-0.005129
-0.004527
-0.004711
-0.004327
-0.004663
0.022907
0.023253
0.022977
0.023785
0.040852
0.049337
0.048321
0.049238
0.048770
0.049150
0.050470
0.049781
0.050172
0.050482
0.050406
0.050159
0.050389
0.075179
0.076310
0.075234
0.076322
0.093016
0.106906
0.106319
0.088726
0.087827
0.088882
0.070232
0.070117
0.081404
0.092379
0.080764
0.071677
0.071668
0.093158
0.094313
0.084729
0.084075
0.078874
0.098927
0.111321
0.111492
0.111530
0.111845
0.112314
0.111698
0.112066
0.112294
0.111949
0.112928
0.113638
0.112836
0.112747
0.153889
0.150701
0.149413
0.151738
0.151548
0.151513
0.151167
0.148349
0.150253
0.149959
0.149990
0.149594
0.149222
0.149487
0.126080
0.122847
0.128776
0.126566
0.127015
0.147695
0.165522
0.178098
0.178354
0.153320
0.153289
0.187189
0.125011
0.124936
0.124929
0.125090
0.135847
0.136121
0.135485
0.149410
0.149631
0.148936
0.156410
0.163748
0.163675
0.170815
0.173102
0.176518
0.176464
0.176544
0.183920
0.184622
0.192717
0.192757
0.178795
0.178813
0.187075
0.187367
0.224319
0.226356
0.223166
0.227768
0.261308
0.202029
0.201702
0.232069
0.230628
0.203744
0.203888
0.233648
0.233457
0.266257
0.266669
0.266525
0.197683
0.197862
0.197809
0.206132
0.211105
0.206938
0.206421
0.224180
0.224567
0.212134
0.224887
0.225163
0.224950
0.225679
0.225628
0.245486
0.261561
0.248213
0.264282
0.270346
0.246804
0.246661
0.255694
0.263908
0.264014
0.263762
0.264166
0.291901
0.293020
0.316049
0.315505
0.302290
0.303634
0.277667
0.277216
0.285768
0.285973
0.281296
0.281366
0.280565
0.288500
0.308411
0.306856
0.305915
0.305800
0.303833
0.304586
0.320487
0.322938
0.338995
0.340459
0.327591
0.327378
0.327411
0.335419
0.335489
0.349515
0.349582
0.325783
0.325861
0.328646
0.344356
0.343854
0.328996
0.329045
0.328874
0.346764
0.345530
0.359561
0.385659
0.386999
0.429080
0.427971
0.369057
0.369371
0.369381
0.369089
0.370379
0.369751
0.390516
0.390075
0.383834
0.394744
0.383852
0.394922
0.389302
0.390265
0.423991
0.421567
0.424238
0.417438
0.442415
0.425666
0.426459
0.405371
0.415158
0.411374
0.412111
0.439226
0.439923
0.439276
0.440340
0.482086
0.555092
0.553627
0.464875
0.464954
0.465572
0.464809
0.516751
0.512935
0.505010
0.504343
0.560613
0.560847
0.562213
0.563257
0.563245
0.562380
0.462931
0.475706
0.469112
0.514982
0.516145
0.518767
0.542908
0.562867
0.550364
0.565119
0.565291
0.590767
0.589605
0.589175
0.577179
0.590631
0.588484
0.589528
0.615049
0.617194
0.617322
0.618542
0.620299
0.619727
0.619258
0.579233
0.578962
0.584641
0.584704
0.593961
0.593333
0.594285
0.593872
0.606404
0.606831
0.622998
0.624060
0.616008
0.615346
0.614429
0.615420
0.641348
0.654132
0.648896
0.647445
0.647580
0.648980
0.649916
0.932492
0.925425
0.915151
0.677595
0.678477
0.678214
0.726638
0.728054
0.769871
0.870500
0.859033
0.854164
0.853518
0.749884
0.716738
0.736316
0.878128
0.883044
0.901894
0.926322
0.914085
0.904097
1.057203
1.056313
1.088678
1.090268
1.090148
1.090539
1.387395
1.391014
1.385924
1.389607
1.592505
