-1.820782
-1.818254
-1.570401
-1.482547
-0.846841
-0.828661
-0.829051
-0.808696
-0.811054
-0.811883
-0.799119
-0.781269
-0.783133
-0.783604
-0.790370
-0.790088
-0.769992
-0.772279
-0.607183
-0.605369
-0.605801
-0.605958
-0.606862
-0.489326
-0.487863
-0.447001
-0.438053
-0.487287
-0.621839
-0.631177
-0.596985
-0.571366
-0.501875
-0.464592
-0.625835
-0.428014
-0.427868
-0.393066
-0.392602
-0.389429
-0.390234
-0.390544
-0.388858
-0.405036
-0.373271
-0.330001
-0.329845
-0.330225
-0.329000
-0.331257
-0.301761
-0.301220
-0.299927
-0.303442
-0.302483
-0.291545
-0.344188
-0.344887
-0.346458
-0.373441
-0.351423
-0.328038
-0.265624
-0.264894
-0.264707
-0.264064
-0.279010
-0.256080
-0.263217
-0.263342
-0.272088
-0.271893
-0.272178
-0.250427
-0.250701
-0.261341
-0.233498
-0.208745
-0.214290
-0.217637
-0.193253
-0.193187
-0.193256
-0.183207
-0.182914
-0.187379
-0.178593
-0.190846
-0.181926
-0.182814
-0.182799
-0.209083
-0.210608
-0.213944
-0.216688
-0.150588
-0.150811
-0.150205
-0.148766
-0.147806
-0.148302
-0.148466
-0.154224
-0.153438
-0.154355
-0.133001
-0.132457
-0.132735
-0.131815
-0.143915
-0.116756
-0.117496
-0.116894
-0.117168
-0.106751
-0.106770
-0.103104
-0.092231
-0.091812
-0.094612
-0.093816
-0.094520
-0.094483
-0.105550
-0.118350
-0.099801
-0.079393
-0.069089
-0.068837
-0.079680
-0.068978
-0.070479
-0.071038
-0.076186
-0.065998
-0.070310
-0.071338
-0.050787
-0.031779
-0.042574
-0.042539
-0.016080
-0.015262
-0.015890
-0.051682
-0.042777
-0.028835
-0.028970
-0.010514
-0.071835
-0.071461
-0.071784
-0.071818
-0.062882
-0.053220
-0.035659
-0.036076
-0.018399
-0.017577
-0.018396
-0.018328
-0.018762
-0.044239
-0.041856
-0.041331
0.000513
0.000874
-0.000596
0.000252
-0.005052
-0.004923
0.004644
0.004995
0.034303
0.034864
0.035163
0.034827
0.033536
0.034586
0.034896
0.038419
0.023744
0.048650
0.035604
-0.004737
-0.004883
-0.004602
-0.007599
-0.003156
0.021068
0.021814
0.021644
0.022588
0.022947
0.022885
0.045500
0.045465
0.059121
0.058772
0.049041
0.049753
0.045819
0.046483
0.057070
0.061726
0.050806
0.051929
0.051295
0.051436
0.081550
0.081416
0.082017
0.081915
0.080302
0.077658
0.093127
0.096456
0.097849
0.108870
0.108818
0.109226
0.108788
0.108836
0.107805
0.107392
0.107847
0.081000
0.069465
0.069110
0.069286
0.069302
0.085917
0.085718
0.085861
0.086670
0.108984
0.109488
0.108611
0.109426
0.103699
0.111221
0.116877
0.116940
0.109573
0.108855
0.109366
0.110152
0.110114
0.110796
0.110355
0.110149
0.145667
0.126358
0.126264
0.153677
0.154504
0.151301
0.151166
0.130950
0.130437
0.131775
0.132239
0.132796
0.132717
0.133000
0.133898
0.156481
0.156450
0.157385
0.156767
0.157439
0.156933
0.158499
0.157421
0.184548
0.184850
0.184765
0.184322
0.184717
0.183934
0.184360
0.184433
0.185361
0.184664
0.184980
0.184730
0.184094
0.185500
0.185326
0.174277
0.173946
0.178463
0.191576
0.205175
0.192328
0.193306
0.239442
0.238801
0.237356
0.237494
0.217345
0.216937
0.218297
0.236268
0.256413
0.255665
0.226798
0.229714
0.226021
0.226286
0.226144
0.226876
0.225522
0.249529
0.260274
0.255641
0.255676
0.262801
0.267988
0.215929
0.207470
0.207394
0.209774
0.217878
0.210484
0.218128
0.238166
0.237520
0.238648
0.238266
0.238324
0.238175
0.238365
0.260894
0.260888
0.260624
0.260755
0.251288
0.251276
0.262997
0.262957
0.313382
0.308360
0.352136
0.320070
0.278278
0.310197
0.311848
0.341551
0.353911
0.281634
0.281416
0.283459
0.312527
0.313559
0.344942
0.343811
0.275548
0.291414
0.289318
0.289706
0.282679
0.299321
0.289816
0.323191
0.348985
0.333009
0.331596
0.318923
0.318919
0.344718
0.345541
0.283495
0.283130
0.283925
0.282975
0.303432
0.303599
0.304352
0.328222
0.345389
0.347604
0.347686
0.353921
0.354037
0.354005
0.353918
0.373412
0.376218
0.377118
0.367679
0.367498
0.367071
0.383636
0.402868
0.376334
0.372674
0.380304
0.365588
0.365818
0.372356
0.388927
0.392272
0.392466
0.393167
0.369125
0.368748
0.369393
0.369984
0.392465
0.392748
0.393787
0.414892
0.414387
0.419141
0.413599
0.418274
0.424058
0.424110
0.433686
0.452272
0.454517
0.432258
0.433267
0.433375
0.426446
0.432733
0.438707
0.438876
0.447082
0.446762
0.446917
0.447178
0.460884
0.461690
0.453608
0.467294
0.512985
0.558609
0.560033
0.557141
0.539352
0.557172
0.574431
0.494917
0.494595
0.494824
0.497497
0.497196
0.497473
0.497850
0.535490
0.569974
0.549637
0.536818
0.535432
0.573518
0.578565
0.593382
0.595102
0.627562
0.609126
0.614085
0.616147
0.650105
0.660951
0.661653
0.613817
0.613347
0.614684
0.616101
0.596275
0.623515
0.622552
0.613194
0.646720
0.662463
0.667251
0.671649
0.653772
0.652496
0.655849
0.696721
0.696310
0.698768
0.697314
0.700080
0.753174
0.754255
0.753677
0.754751
0.750643
0.753083
0.754565
0.897728
0.968262
0.969051
0.787881
0.789424
0.861747
0.858872
0.940140
0.937235
0.934869
0.970628
1.031066
1.006972
1.020224
1.012608
1.014984
1.014133
1.047832
1.044938
1.045772
1.044795
1.217981
1.243183
1.245738
1.251529
1.248221
1.605307
1.698299
1.698903
