-1.517224
-1.517129
-1.532166
-1.959228
-1.223666
-0.757647
-0.765423
-0.720458
-0.719251
-0.720539
-0.723789
-0.690290
-0.688226
-0.688948
-0.712941
-0.513464
-0.513324
-0.513076
-0.513955
-0.518505
-0.502974
-0.495564
-0.495549
-0.495392
-0.495379
-0.491840
-0.476137
-0.475563
-0.487171
-0.485669
-0.487672
-0.412813
-0.382367
-0.385643
-0.410435
-0.409339
-0.396684
-0.377764
-0.383236
-0.357244
-0.356991
-0.356406
-0.356294
-0.343739
-0.343817
-0.322526
-0.298448
-0.332234
-0.332249
-0.302549
-0.303048
-0.270464
-0.270384
-0.269388
-0.268803
-0.257676
-0.331591
-0.306670
-0.273909
-0.317153
-0.319980
-0.319917
-0.324508
-0.246278
-0.251713
-0.240596
-0.247083
-0.236171
-0.245559
-0.245146
-0.230169
-0.230033
-0.229861
-0.230279
-0.229590
-0.243408
-0.229486
-0.222508
-0.222512
-0.204761
-0.203668
-0.206797
-0.206902
-0.206565
-0.178279
-0.178545
-0.177534
-0.178867
-0.159237
-0.159224
-0.159238
-0.159283
-0.192827
-0.191397
-0.200105
-0.201768
-0.204563
-0.200351
-0.150142
-0.136206
-0.139697
-0.139590
-0.140014
-0.116156
-0.115733
-0.115808
-0.115705
-0.120523
-0.120275
-0.108938
-0.109115
-0.098089
-0.083096
-0.089380
-0.088920
-0.088184
-0.087329
-0.087237
-0.087497
-0.068158
-0.060249
-0.065061
-0.064509
-0.064369
-0.064730
-0.103550
-0.118335
-0.119463
-0.096861
-0.077801
-0.106513
-0.130870
-0.095197
-0.096679
-0.095411
-0.053476
-0.048650
-0.051792
-0.046315
-0.037645
-0.036812
-0.036083
-0.036389
-0.036510
-0.036451
-0.027204
-0.027215
-0.014020
-0.013204
-0.013947
-0.013150
0.010315
0.006493
0.013599
0.009732
-0.052738
-0.042999
-0.045920
-0.045865
-0.036158
-0.018478
-0.018512
-0.052741
-0.045367
-0.047414
-0.023255
-0.006261
-0.020087
-0.020802
0.005527
0.005875
0.006205
0.002012
0.012196
0.004391
0.004404
0.004122
0.013392
0.015875
0.014716
0.022877
0.023071
0.023283
0.022250
0.022455
0.023077
0.022721
0.035298
0.035325
0.030315
0.037447
0.050799
0.062245
0.071809
0.072116
0.047141
0.047379
0.047294
0.073490
0.073864
0.073589
0.028788
0.043156
0.035540
0.034017
0.047041
0.034301
0.052628
0.052862
0.052311
0.057578
0.058232
0.059682
0.066392
0.072005
0.075364
0.080240
0.073776
0.078666
0.082459
0.086422
0.109062
0.107269
0.107460
0.086940
0.086975
0.095894
0.095550
0.111350
0.111156
0.110840
0.110988
0.124048
0.124011
0.130353
0.146635
0.137439
0.138549
0.139331
0.134308
0.134914
0.135504
0.158093
0.157972
0.158778
0.095064
0.095224
0.095459
0.094874
0.094592
0.111883
0.111938
0.111702
0.111579
0.125645
0.126086
0.125519
0.125538
0.138337
0.138828
0.138770
0.138846
0.144725
0.144710
0.144741
0.157345
0.156806
0.157779
0.145982
0.153322
0.164345
0.184591
0.183825
0.183157
0.201662
0.201539
0.223671
0.223782
0.207324
0.185281
0.187042
0.185935
0.180470
0.197714
0.203796
0.212990
0.232800
0.223968
0.223128
0.223925
0.222937
0.223614
0.177011
0.176595
0.177386
0.176988
0.177205
0.176921
0.176977
0.185103
0.190367
0.195474
0.203718
0.203765
0.198321
0.205700
0.216548
0.216532
0.226840
0.227111
0.221940
0.221964
0.221561
0.221932
0.240729
0.240324
0.240480
0.240154
0.241131
0.241019
0.240813
0.288458
0.288632
0.288992
0.271806
0.273433
0.270180
0.307560
0.304924
0.304618
0.273074
0.272587
0.271229
0.254480
0.278130
0.271339
0.271306
0.311126
0.306525
0.319203
0.253077
0.252997
0.264510
0.264658
0.261281
0.260922
0.262793
0.262347
0.278981
0.278469
0.278161
0.278760
0.278670
0.284284
0.296892
0.297683
0.297509
0.298331
0.289936
0.295442
0.303620
0.304097
0.318856
0.312174
0.319315
0.319491
0.319395
0.329215
0.329104
0.357573
0.353391
0.334635
0.356798
0.388153
0.387186
0.387492
0.386848
0.387283
0.386309
0.332960
0.332580
0.333169
0.341065
0.347241
0.345971
0.346028
0.360377
0.372281
0.386241
0.386207
0.369045
0.368182
0.391516
0.391594
0.417418
0.417439
0.412279
0.412364
0.412268
0.436695
0.436772
0.409952
0.410388
0.410547
0.410833
0.435421
0.434509
0.427825
0.442222
0.414377
0.412903
0.411280
0.423407
0.436348
0.436773
0.437370
0.437000
0.454472
0.454515
0.459895
0.463682
0.469628
0.476840
0.476741
0.453369
0.465949
0.495036
0.455704
0.455344
0.466558
0.466009
0.461588
0.461863
0.461354
0.462326
0.453754
0.453635
0.453644
0.465372
0.465471
0.465592
0.465510
0.483524
0.483843
0.483286
0.484015
0.483951
0.479747
0.490598
0.504552
0.504250
0.504889
0.504813
0.495212
0.504830
0.505028
0.577532
0.615645
0.607493
0.608000
0.608373
0.610022
0.526865
0.557872
0.576692
0.612714
0.610909
0.613344
0.613222
0.525110
0.535229
0.527637
0.526862
0.560142
0.560537
0.565434
0.568975
0.605227
0.600704
0.589736
0.623891
0.602096
0.603586
0.635666
0.634612
0.653360
0.655680
0.659435
0.687483
0.690895
0.674545
0.674076
0.673004
0.653252
0.655150
0.653989
0.654616
0.652839
0.654459
0.654336
0.665558
0.675325
0.698349
0.687242
0.687954
0.688160
0.738389
0.749119
0.742995
0.744498
0.765610
0.784415
0.774585
0.777336
0.772753
0.777422
0.770827
0.776009
0.772975
0.776998
0.809198
0.808579
0.803805
0.821895
0.833174
0.808672
0.794592
0.798601
0.806619
0.824947
0.813858
0.815270
0.979556
1.126970
1.124738
0.918457
0.953312
0.989356
1.027057
1.023378
1.025937
0.941013
0.939851
1.003700
0.993618
1.138911
1.177178
1.184192
1.185089
1.182957
1.181683
1.180016
1.174171
1.450990
1.470870
1.486095
1.519695
2.007686
2.008559
