-1.762099
-1.759168
-1.760976
-1.651373
-0.809656
-0.808333
-0.808121
-0.807127
-0.809634
-0.808506
-0.808685
-0.811790
-0.789589
-0.789568
-0.774239
-0.785378
-0.770571
-0.774260
-0.775395
-0.595883
-0.596069
-0.595689
-0.597830
-0.624110
-0.586328
-0.472763
-0.469916
-0.417466
-0.474600
-0.478953
-0.437106
-0.648788
-0.619722
-0.524751
-0.393680
-0.393167
-0.393724
-0.367671
-0.368413
-0.368743
-0.381778
-0.381070
-0.380671
-0.357955
-0.374750
-0.352607
-0.346451
-0.345640
-0.336562
-0.305604
-0.270497
-0.269664
-0.328630
-0.326014
-0.288856
-0.313428
-0.312431
-0.315357
-0.313667
-0.316357
-0.320927
-0.322860
-0.327464
-0.254353
-0.254044
-0.253651
-0.253980
-0.226603
-0.231261
-0.210508
-0.230936
-0.232691
-0.232522
-0.232490
-0.226721
-0.229798
-0.227789
-0.229600
-0.232315
-0.228190
-0.229893
-0.222921
-0.232019
-0.210162
-0.225635
-0.221462
-0.191649
-0.189736
-0.169011
-0.169044
-0.184482
-0.184581
-0.179398
-0.182692
-0.157495
-0.157502
-0.157601
-0.145148
-0.145718
-0.145749
-0.145028
-0.174993
-0.172671
-0.182690
-0.128712
-0.128633
-0.128680
-0.128709
-0.113593
-0.113795
-0.113634
-0.113575
-0.129819
-0.129378
-0.129032
-0.114389
-0.115586
-0.117703
-0.109625
-0.120701
-0.118829
-0.088761
-0.088835
-0.088250
-0.088041
-0.088192
-0.088091
-0.088500
-0.060979
-0.061058
-0.060089
-0.060796
-0.060394
-0.060192
-0.060718
-0.103187
-0.103197
-0.083745
-0.084002
-0.065416
-0.062696
-0.055957
-0.103166
-0.096240
-0.072303
-0.076463
-0.076312
-0.038466
-0.040226
-0.040107
-0.039647
-0.039375
-0.039695
-0.037927
-0.009112
-0.010066
-0.009056
-0.011652
-0.009067
-0.006532
-0.007085
-0.022435
-0.022534
-0.001236
-0.001118
-0.048787
-0.048372
-0.043628
-0.020615
-0.022662
-0.022057
-0.032172
-0.010677
-0.022843
-0.024395
0.007215
0.008441
0.008410
0.007932
0.008175
0.008616
0.007901
0.010091
0.009639
0.009878
0.009447
0.054266
0.053780
0.053800
0.051737
0.055211
0.054770
0.044137
0.066502
0.047846
0.044479
0.067388
0.048006
0.079489
0.079674
0.079046
0.074510
0.082776
0.030723
0.031052
0.031589
0.030805
0.030486
0.041974
0.052491
0.062388
0.038362
0.052776
0.054381
0.075497
0.070433
0.081943
0.071942
0.081445
0.087059
0.087042
0.076949
0.078036
0.078129
0.078496
0.078239
0.077107
0.077972
0.078065
0.122733
0.122755
0.118460
0.118549
0.119147
0.118940
0.120876
0.118124
0.121382
0.118763
0.093756
0.102558
0.110855
0.101258
0.102135
0.102722
0.100744
0.132210
0.131619
0.132399
0.131974
0.132500
0.093070
0.099567
0.095879
0.095724
0.096226
0.096249
0.113536
0.113479
0.113159
0.113573
0.114340
0.112734
0.113700
0.138162
0.137061
0.129981
0.144499
0.137563
0.138860
0.138527
0.138048
0.131696
0.131280
0.131726
0.146092
0.146193
0.146530
0.145759
0.164643
0.203131
0.190439
0.187686
0.185672
0.189598
0.186782
0.156860
0.165834
0.161409
0.161591
0.161416
0.161325
0.161349
0.196675
0.198580
0.186053
0.212282
0.199106
0.196492
0.195853
0.196699
0.165824
0.163654
0.164362
0.165190
0.164675
0.166136
0.165388
0.165612
0.183452
0.183649
0.183071
0.183141
0.183352
0.183453
0.183377
0.183276
0.196819
0.197342
0.196940
0.196797
0.197244
0.190549
0.197470
0.211375
0.224096
0.217194
0.217729
0.216916
0.216564
0.217027
0.232668
0.275216
0.271746
0.271446
0.248151
0.284381
0.261321
0.263245
0.232593
0.266831
0.265296
0.234055
0.258750
0.247301
0.276174
0.285096
0.294938
0.243690
0.243666
0.243487
0.244760
0.245158
0.245152
0.235601
0.251931
0.232304
0.232250
0.235811
0.240938
0.245924
0.254092
0.254174
0.271951
0.271782
0.272443
0.291560
0.291718
0.291879
0.292055
0.275748
0.275946
0.274440
0.276000
0.296189
0.296683
0.296066
0.296363
0.335424
0.331894
0.308602
0.308024
0.341433
0.337271
0.328069
0.330174
0.315051
0.314035
0.347362
0.347497
0.376855
0.376987
0.377159
0.376696
0.375963
0.376050
0.375454
0.314538
0.328273
0.315670
0.315646
0.311649
0.324483
0.330573
0.330513
0.340531
0.340224
0.330264
0.330414
0.340641
0.340819
0.369308
0.367648
0.364887
0.365300
0.359317
0.359757
0.380888
0.380958
0.361847
0.361360
0.361842
0.362457
0.381644
0.381540
0.387428
0.387406
0.401645
0.400211
0.393849
0.408565
0.395908
0.397655
0.412570
0.429308
0.429966
0.403965
0.404602
0.407061
0.406158
0.408146
0.394991
0.415675
0.440924
0.438386
0.438446
0.449751
0.449499
0.407189
0.407032
0.408203
0.407861
0.409399
0.410390
0.408817
0.438988
0.438554
0.439768
0.440836
0.440714
0.434535
0.448250
0.461868
0.461496
0.468773
0.469898
0.472059
0.473957
0.480697
0.480751
0.481090
0.481007
0.490018
0.490017
0.504565
0.504369
0.492171
0.495645
0.494727
0.494154
0.557162
0.592932
0.611985
0.565954
0.556728
0.592893
0.608255
0.522344
0.552024
0.601276
0.602065
0.535727
0.535769
0.573226
0.575215
0.606140
0.616418
0.605495
0.614972
0.627488
0.649271
0.637701
0.646432
0.646343
0.644901
0.645516
0.643702
0.646459
0.644519
0.644676
0.673868
0.673722
0.673841
0.640348
0.640635
0.667957
0.648525
0.693925
0.692515
0.724023
0.709429
0.715080
0.701904
0.704132
0.732907
0.734068
0.712300
0.714932
0.717523
0.718616
0.718601
0.719633
0.785743
0.784786
0.784776
0.789858
0.766727
0.767457
0.777626
0.783681
0.794473
0.794823
0.813840
0.927576
0.894893
0.891513
0.892068
0.892705
0.933959
0.931731
0.930512
0.998707
0.997760
0.977788
0.978693
0.991850
1.145194
1.144008
1.145470
1.144837
1.143456
1.144408
1.144332
1.144302
1.144409
1.141673
1.444423
1.441471
1.463333
1.481419
2.061675
