-1.614733
-1.484623
-1.433185
-1.516290
-1.478281
-0.698977
-0.697405
-0.699295
-0.701634
-0.699169
-0.699205
-0.698941
-0.699409
-0.719703
-0.686445
-0.754879
-0.754067
-0.500610
-0.501218
-0.503772
-0.488644
-0.523736
-0.511925
-0.496421
-0.470590
-0.434777
-0.470005
-0.483955
-0.460908
-0.461887
-0.491707
-0.490729
-0.455354
-0.477882
-0.377695
-0.376582
-0.355356
-0.354551
-0.343287
-0.343493
-0.342621
-0.360618
-0.333571
-0.323356
-0.327231
-0.327880
-0.318140
-0.326392
-0.324570
-0.308684
-0.308716
-0.312462
-0.305062
-0.299674
-0.299611
-0.296212
-0.281336
-0.308545
-0.342978
-0.303025
-0.303681
-0.302371
-0.253073
-0.253130
-0.251598
-0.251849
-0.235158
-0.221085
-0.241602
-0.226346
-0.202590
-0.201941
-0.202339
-0.208647
-0.197220
-0.189522
-0.189530
-0.221619
-0.242860
-0.221693
-0.199409
-0.224432
-0.221536
-0.226923
-0.222671
-0.179769
-0.180086
-0.180037
-0.179528
-0.162035
-0.162118
-0.162131
-0.162694
-0.144311
-0.136062
-0.143827
-0.143584
-0.142640
-0.143218
-0.143270
-0.143427
-0.162120
-0.161572
-0.162326
-0.163351
-0.162922
-0.161599
-0.132370
-0.124322
-0.134847
-0.126218
-0.126654
-0.126435
-0.126492
-0.127304
-0.109818
-0.109223
-0.118063
-0.108498
-0.109089
-0.108951
-0.109399
-0.108866
-0.092948
-0.084285
-0.091589
-0.090700
-0.091986
-0.091790
-0.091693
-0.082428
-0.073089
-0.073803
-0.074750
-0.060840
-0.057050
-0.060281
-0.060371
-0.096923
-0.111531
-0.080146
-0.097773
-0.056359
-0.045433
-0.045758
-0.050094
-0.039908
-0.045832
-0.044930
-0.045176
-0.045516
-0.045354
-0.022979
-0.022627
-0.022945
-0.023172
-0.021572
-0.023238
-0.022555
-0.026437
-0.026335
-0.013265
-0.013721
-0.023015
-0.001566
-0.001541
-0.001629
-0.005317
0.002759
-0.001338
-0.001662
-0.001646
-0.001709
-0.008848
-0.000396
-0.000848
0.013907
0.014022
0.028635
0.028913
0.037216
0.015779
0.015523
0.015722
0.015426
0.030040
0.031344
0.030951
0.031406
0.043513
0.042970
0.058211
0.058086
0.051686
0.052083
0.044689
0.059690
0.053127
0.047608
0.048205
0.039714
0.050054
0.048779
0.048144
0.048120
0.060490
0.063590
0.064939
0.064933
0.066822
0.067002
0.066820
0.066834
0.070223
0.070017
0.072529
0.086500
0.104198
0.104728
0.104545
0.087504
0.089670
0.088497
0.089319
0.076776
0.077056
0.077009
0.077134
0.076909
0.076794
0.077064
0.095625
0.095433
0.096825
0.095403
0.088664
0.100133
0.096732
0.097071
0.122017
0.121041
0.120623
0.122155
0.142400
0.142188
0.141883
0.114254
0.113438
0.114163
0.126130
0.141035
0.134864
0.134660
0.120137
0.119971
0.120367
0.120432
0.121693
0.120183
0.121325
0.121246
0.140841
0.140839
0.140079
0.140977
0.141130
0.140984
0.140665
0.141141
0.154842
0.169371
0.162516
0.162483
0.152478
0.152409
0.158873
0.158660
0.170849
0.170619
0.169248
0.171065
0.157659
0.158243
0.158590
0.153314
0.161413
0.166476
0.174015
0.173932
0.170956
0.178088
0.174563
0.174533
0.174589
0.174506
0.189402
0.185797
0.191131
0.194625
0.194599
0.189283
0.189710
0.189283
0.189995
0.209573
0.209625
0.209280
0.209009
0.221355
0.206922
0.206447
0.219310
0.219111
0.204042
0.204478
0.216805
0.216751
0.239407
0.238737
0.239488
0.229531
0.229074
0.246549
0.246926
0.247560
0.225673
0.235368
0.232960
0.232524
0.232761
0.232559
0.233563
0.233640
0.250636
0.251029
0.252038
0.245346
0.253906
0.251825
0.252395
0.299272
0.300879
0.277438
0.315859
0.278738
0.262259
0.276497
0.293789
0.303856
0.313374
0.304966
0.304468
0.322905
0.335670
0.326281
0.326163
0.269848
0.270230
0.269975
0.269813
0.263363
0.272527
0.268153
0.277008
0.287910
0.287591
0.288654
0.284890
0.284901
0.293719
0.296950
0.309292
0.309012
0.308830
0.304159
0.304413
0.316834
0.316856
0.331051
0.330620
0.330493
0.330876
0.327513
0.327705
0.336937
0.336942
0.345116
0.372605
0.371977
0.388982
0.403710
0.373228
0.401810
0.342803
0.350691
0.351522
0.362827
0.386582
0.386005
0.412702
0.383309
0.409976
0.388868
0.351519
0.352872
0.351678
0.352389
0.348670
0.348548
0.360054
0.360087
0.371440
0.371722
0.371156
0.371220
0.370742
0.390158
0.390037
0.389412
0.384627
0.397570
0.388061
0.401208
0.412554
0.412185
0.412472
0.413048
0.413172
0.413826
0.413752
0.460018
0.499072
0.479021
0.476829
0.476497
0.478823
0.433578
0.433549
0.433981
0.435180
0.456313
0.467049
0.484704
0.507694
0.493361
0.492934
0.423458
0.423439
0.430457
0.430471
0.440064
0.440185
0.440423
0.440011
0.450750
0.450799
0.452110
0.452250
0.452455
0.452598
0.469801
0.485592
0.494886
0.494581
0.474608
0.475505
0.493261
0.493266
0.508380
0.507388
0.507159
0.508931
0.502660
0.514923
0.499314
0.511921
0.535770
0.596451
0.598790
0.598124
0.627552
0.536847
0.536284
0.524635
0.539921
0.595377
0.594731
0.568249
0.602396
0.632210
0.531566
0.531051
0.522782
0.532055
0.540967
0.545033
0.552475
0.542889
0.550141
0.549069
0.549402
0.593635
0.593311
0.562288
0.593766
0.632831
0.573566
0.573666
0.599342
0.617095
0.627152
0.628036
0.627213
0.637856
0.750891
0.750733
0.746879
0.677450
0.676633
0.771383
0.759737
0.783808
0.647001
0.647830
0.647584
0.647751
0.666148
0.665976
0.665977
0.666350
0.682611
0.682901
0.694602
0.694750
0.686218
0.686556
0.700283
0.757073
0.759924
0.761548
0.758857
0.734359
0.731272
0.772947
0.768778
0.728234
0.727066
0.758718
0.759598
0.804452
0.804401
0.840212
0.816625
0.816671
0.822648
0.824744
0.841384
0.858908
0.870246
0.868872
0.863626
0.876233
0.863345
0.874921
1.007871
1.040738
0.990436
1.032819
0.981349
0.976631
1.012959
1.011910
0.961769
0.961511
0.987956
1.011658
1.035201
1.187870
1.190374
1.189630
1.172169
1.172890
1.173265
1.173534
1.173603
1.206659
1.206546
1.197993
1.216057
1.206403
1.728408
1.595524
1.577014
1.575120
1.577673
1.576010
1.921490
