-2.164006
-1.558343
-1.555770
-1.332665
-1.301809
-0.723701
-0.725956
-0.725714
-0.720862
-0.727171
-0.726894
-0.726898
-0.722728
-0.724819
-0.724503
-0.723684
-0.733619
-0.704027
-0.723947
-0.722427
-0.680094
-0.605447
-0.647582
-0.612882
-0.614711
-0.586951
-0.524886
-0.524851
-0.523254
-0.528510
-0.496865
-0.474857
-0.492010
-0.493688
-0.426183
-0.425980
-0.388994
-0.390033
-0.388361
-0.388668
-0.388182
-0.405038
-0.405373
-0.394511
-0.378549
-0.402047
-0.401492
-0.378850
-0.378059
-0.383085
-0.335529
-0.333477
-0.344005
-0.321866
-0.312537
-0.298648
-0.304165
-0.286310
-0.349468
-0.349599
-0.349472
-0.310238
-0.313967
-0.317621
-0.327586
-0.347498
-0.319304
-0.267465
-0.266934
-0.267212
-0.266906
-0.256711
-0.254524
-0.251747
-0.237863
-0.256503
-0.257447
-0.254824
-0.255602
-0.235678
-0.235523
-0.227379
-0.243438
-0.239106
-0.225098
-0.214326
-0.214587
-0.221857
-0.221895
-0.209367
-0.210262
-0.193499
-0.176697
-0.187113
-0.155643
-0.155717
-0.154829
-0.220129
-0.209025
-0.213882
-0.214474
-0.196851
-0.167560
-0.183280
-0.185258
-0.191242
-0.196504
-0.141580
-0.141610
-0.131068
-0.131079
-0.131038
-0.130236
-0.113834
-0.113784
-0.113962
-0.112930
-0.105555
-0.121788
-0.118771
-0.119887
-0.092455
-0.092592
-0.079453
-0.078545
-0.067553
-0.065685
-0.066470
-0.067582
-0.066488
-0.068393
-0.093737
-0.093183
-0.093853
-0.095282
-0.068806
-0.069050
-0.069690
-0.069032
-0.078401
-0.083432
-0.085284
-0.053747
-0.045347
-0.047978
-0.047194
-0.047981
-0.047651
-0.036641
-0.036523
-0.033159
-0.032577
-0.022222
-0.021482
-0.040510
-0.041505
-0.040418
-0.039671
-0.018643
-0.019237
-0.019709
-0.030177
0.000762
0.002100
0.002640
0.002362
0.000824
0.001516
0.015672
0.015466
-0.000762
-0.001043
-0.001244
-0.001444
-0.001223
0.012407
0.012723
0.012317
0.012595
0.030701
0.031091
0.030902
0.031081
0.027012
0.040455
0.022336
0.036005
0.057636
0.058432
0.054168
0.069588
0.058449
0.058144
0.058740
0.059589
0.020783
0.020664
0.020505
0.031537
0.045449
0.038819
0.039408
0.063186
0.062761
0.063660
0.056239
0.056152
0.067530
0.067617
0.085024
0.085560
0.086124
0.081985
0.082480
0.082908
0.083035
0.096775
0.096714
0.086989
0.087609
0.087249
0.087183
0.086296
0.087326
0.078525
0.091803
0.088326
0.116139
0.115317
0.114602
0.114613
0.114891
0.113577
0.114392
0.115555
0.104041
0.104141
0.118617
0.118045
0.115557
0.113643
0.115777
0.113571
0.113593
0.113470
0.112464
0.127018
0.126933
0.126998
0.139173
0.158098
0.148011
0.146592
0.145754
0.149072
0.147176
0.148285
0.139491
0.158905
0.146308
0.146352
0.130663
0.143069
0.135641
0.148270
0.159391
0.159465
0.166328
0.166437
0.142509
0.142090
0.142994
0.143257
0.162448
0.162540
0.162855
0.201809
0.182800
0.181863
0.204067
0.219011
0.198944
0.197484
0.198600
0.197702
0.178078
0.179052
0.208974
0.208492
0.179040
0.180240
0.179565
0.179560
0.177436
0.187317
0.179039
0.179756
0.199716
0.199950
0.209480
0.218369
0.218741
0.218276
0.218578
0.236569
0.235853
0.231531
0.241125
0.228795
0.228790
0.237435
0.246648
0.236010
0.236224
0.236178
0.236631
0.236772
0.238089
0.232726
0.232821
0.238246
0.243229
0.266664
0.266815
0.266407
0.266033
0.267177
0.250033
0.260193
0.255864
0.256123
0.276418
0.276379
0.276410
0.257428
0.257931
0.253736
0.263943
0.247974
0.257903
0.258684
0.273634
0.273773
0.273643
0.273674
0.283411
0.283478
0.279775
0.283971
0.304605
0.306848
0.295508
0.313415
0.306267
0.304007
0.288966
0.288913
0.294262
0.294257
0.309244
0.310555
0.301135
0.314348
0.296942
0.307410
0.297692
0.298213
0.316520
0.316059
0.316449
0.325303
0.386519
0.387489
0.382329
0.379479
0.327661
0.331753
0.347655
0.345374
0.364067
0.371121
0.381974
0.382841
0.406907
0.407545
0.397507
0.398352
0.326343
0.326358
0.332109
0.332198
0.337492
0.342446
0.342791
0.353780
0.372487
0.357749
0.376054
0.357044
0.356636
0.375944
0.375981
0.395216
0.396120
0.416964
0.416368
0.392435
0.392197
0.411052
0.413817
0.395689
0.385729
0.397233
0.418093
0.417024
0.416968
0.417511
0.439861
0.440274
0.431947
0.431717
0.431410
0.447165
0.447819
0.450047
0.452263
0.487828
0.436843
0.437866
0.437460
0.436312
0.434341
0.433745
0.444011
0.444025
0.438406
0.439108
0.439136
0.439384
0.458605
0.458679
0.459092
0.459122
0.459195
0.458120
0.468902
0.482323
0.483063
0.483336
0.483706
0.482885
0.484153
0.485084
0.484040
0.542159
0.601110
0.598537
0.601260
0.599791
0.599152
0.598333
0.594620
0.587203
0.558769
0.585947
0.602743
0.602889
0.558698
0.562238
0.557197
0.555959
0.528477
0.528082
0.542694
0.565304
0.622585
0.623179
0.621746
0.624419
0.538343
0.539026
0.537644
0.538585
0.586302
0.595173
0.585387
0.586448
0.619021
0.616623
0.656247
0.662781
0.661459
0.661116
0.661924
0.659906
0.660686
0.659930
0.659541
0.638596
0.638413
0.643742
0.665383
0.704832
0.669604
0.651498
0.680229
0.668885
0.669719
0.668634
0.651025
0.651464
0.650464
0.682432
0.684072
0.682679
0.682232
0.702618
0.710532
0.707897
0.727116
0.726124
0.714571
0.770715
0.769421
0.786789
0.804851
0.808322
0.806722
0.806125
0.775805
0.810926
0.790654
0.792189
0.793673
0.791224
0.795032
0.791335
0.790797
0.787108
0.786336
0.822668
0.821365
0.792392
0.779630
0.811437
0.962034
1.075539
1.073267
1.142634
0.938473
0.941494
0.985197
1.025628
0.945277
0.941842
1.033260
1.041571
1.139759
1.140846
1.126674
1.151550
1.176000
1.174047
1.319646
1.300155
1.333618
1.329931
1.316516
1.835539
1.780788
1.956606
