-2.471787
-2.245096
-2.197395
-1.903933
-1.870088
-1.868179
-1.841935
-1.828335
-1.723755
-1.032366
-1.040702
-1.011141
-0.986882
-0.998608
-1.015510
-0.990917
-0.993160
-1.005688
-1.017734
-0.988519
-0.966285
-1.036416
-0.827130
-0.829968
-0.830978
-0.829043
-0.833112
-0.835206
-0.796407
-0.796823
-0.799640
-0.772445
-0.772675
-0.662352
-0.662761
-0.662660
-0.664071
-0.662562
-0.663830
-0.627643
-0.628168
-0.628145
-0.627382
-0.551312
-0.534611
-0.528821
-0.491238
-0.494262
-0.495907
-0.492455
-0.491066
-0.492250
-0.492056
-0.459449
-0.459677
-0.452724
-0.456599
-0.443177
-0.424305
-0.423649
-0.429386
-0.429041
-0.431122
-0.429101
-0.429356
-0.382268
-0.381635
-0.382252
-0.383637
-0.392391
-0.396887
-0.397489
-0.335725
-0.329811
-0.329867
-0.328409
-0.330799
-0.296004
-0.305636
-0.293638
-0.293865
-0.294956
-0.294392
-0.294697
-0.294404
-0.295583
-0.294802
-0.293036
-0.251906
-0.251347
-0.276454
-0.249316
-0.225980
-0.212129
-0.198497
-0.195289
-0.269337
-0.232765
-0.228054
-0.232705
-0.276448
-0.275785
-0.273933
-0.273546
-0.257244
-0.246309
-0.245519
-0.217216
-0.219806
-0.236283
-0.238498
-0.197744
-0.237672
-0.171057
-0.146700
-0.177063
-0.152613
-0.172405
-0.149045
-0.163559
-0.161989
-0.179035
-0.155544
-0.154027
-0.179571
-0.166403
-0.151422
-0.151178
-0.166071
-0.164158
-0.164344
-0.162304
-0.164112
-0.174016
-0.174337
-0.173166
-0.154454
-0.144522
-0.154521
-0.144997
-0.112894
-0.137345
-0.112500
-0.115109
-0.115230
-0.115949
-0.114111
-0.115827
-0.118493
-0.118672
-0.097100
-0.093359
-0.081577
-0.081400
-0.080684
-0.081216
-0.080944
-0.080467
-0.079487
-0.079338
-0.129922
-0.130602
-0.102761
-0.103332
-0.112542
-0.109909
-0.120722
-0.092117
-0.113848
-0.112996
-0.113111
-0.113364
-0.139587
-0.112769
-0.075580
-0.075463
-0.075112
-0.074917
-0.065942
-0.072272
-0.072387
-0.072336
-0.074154
-0.065827
-0.061781
-0.061853
-0.057801
-0.032141
-0.011352
-0.062822
-0.060587
-0.034585
-0.032879
-0.034143
-0.000621
-0.000754
-0.000179
-0.000811
0.003456
0.002520
0.002229
0.003796
0.004030
-0.034791
-0.036337
-0.035057
-0.033814
-0.032445
-0.031182
-0.033114
-0.031564
0.001315
0.002411
0.003577
0.003775
0.002585
0.002488
0.001910
0.013920
0.013898
0.013865
0.019394
0.039028
0.028719
0.033323
0.033987
0.035467
0.023217
0.044048
0.019227
0.019655
0.019497
0.037708
0.037424
0.060001
0.060504
0.019235
0.040191
0.032173
0.050204
0.036752
0.038234
0.038404
0.041429
0.037263
0.039899
0.040886
0.098839
0.127041
0.110847
0.108692
0.143016
0.143145
0.147890
0.111259
0.083406
0.081199
0.103856
0.128056
0.106984
0.107045
0.098135
0.098999
0.131763
0.113378
0.071782
0.071569
0.071928
0.071985
0.076533
0.076595
0.110494
0.108846
0.105760
0.107315
0.097500
0.126202
0.108440
0.109211
0.145081
0.140520
0.144764
0.144545
0.144774
0.145013
0.155298
0.155957
0.156378
0.156699
0.157430
0.177071
0.201800
0.182389
0.209346
0.185171
0.187635
0.171507
0.194602
0.194946
0.187645
0.180975
0.180286
0.179476
0.149520
0.181263
0.206618
0.211749
0.211481
0.211530
0.211965
0.207923
0.207947
0.212629
0.212386
0.223367
0.266869
0.262925
0.256832
0.257809
0.221929
0.257274
0.292659
0.300036
0.300105
0.299731
0.300173
0.233179
0.231765
0.231450
0.261853
0.260283
0.288813
0.287449
0.228414
0.228845
0.228035
0.228682
0.228628
0.239601
0.259054
0.255776
0.258751
0.256308
0.257733
0.288515
0.287651
0.287837
0.289112
0.289823
0.273860
0.289204
0.289366
0.287609
0.289600
0.289781
0.289833
0.323036
0.321804
0.323854
0.326465
0.312497
0.333614
0.319958
0.341618
0.360770
0.360453
0.309358
0.309126
0.309254
0.309185
0.319175
0.334415
0.312960
0.328640
0.328331
0.328011
0.328436
0.328914
0.354730
0.355672
0.355288
0.354415
0.356503
0.356832
0.356353
0.357071
0.417940
0.458707
0.442590
0.415727
0.412967
0.454263
0.454161
0.425092
0.424225
0.422695
0.404801
0.430498
0.454321
0.430826
0.436481
0.404573
0.404175
0.426278
0.444137
0.385627
0.423897
0.418653
0.420684
0.471805
0.468738
0.475258
0.472556
0.472790
0.472318
0.479613
0.479822
0.487422
0.513571
0.514979
0.505563
0.508432
0.507151
0.506670
0.503936
0.486087
0.486239
0.492926
0.513518
0.495089
0.519698
0.506467
0.548502
0.545330
0.558154
0.549013
0.551313
0.550210
0.549935
0.552282
0.552539
0.552611
0.552027
0.655471
0.653388
0.645076
0.574085
0.573567
0.574727
0.588708
0.588372
0.628792
0.624320
0.625648
0.667944
0.665624
0.662855
0.659997
0.738770
0.740539
0.722859
0.757572
0.758748
0.747995
0.744326
0.742630
0.744640
0.744667
0.745706
0.747293
0.957279
0.876980
0.876886
0.871070
0.871065
0.905122
0.946983
0.943388
1.098028
1.115318
1.125142
1.131364
1.148158
1.147571
1.150655
