-2.291300
-2.287576
-2.290214
-2.288583
-1.988046
-1.943102
-1.550464
-1.556320
-1.581305
-1.548380
-1.546163
-0.870200
-0.870792
-0.835916
-0.836236
-0.836145
-0.834122
-0.840373
-0.842206
-0.842888
-0.843590
-0.862675
-0.863476
-0.862896
-0.863752
-0.835463
-0.810636
-0.829432
-0.830071
-0.831332
-0.831184
-0.830148
-0.705104
-0.707104
-0.729045
-0.692936
-0.701062
-0.706745
-0.707325
-0.733829
-0.698113
-0.705080
-0.545892
-0.545966
-0.546592
-0.589724
-0.543502
-0.544945
-0.580799
-0.541657
-0.540554
-0.466729
-0.454334
-0.451859
-0.461486
-0.450185
-0.448853
-0.425372
-0.424060
-0.423612
-0.425278
-0.347250
-0.344432
-0.363627
-0.327321
-0.353520
-0.356579
-0.364932
-0.367356
-0.366360
-0.367761
-0.343299
-0.326294
-0.329009
-0.356960
-0.362562
-0.366647
-0.364656
-0.281637
-0.253016
-0.253691
-0.269692
-0.270186
-0.242798
-0.242485
-0.265869
-0.262892
-0.265960
-0.239664
-0.275324
-0.248914
-0.275812
-0.247374
-0.260252
-0.256081
-0.259066
-0.253767
-0.254254
-0.230329
-0.230219
-0.220715
-0.220276
-0.226301
-0.225684
-0.226580
-0.195827
-0.195261
-0.195617
-0.195490
-0.195776
-0.196091
-0.229845
-0.223491
-0.214213
-0.213627
-0.220863
-0.199165
-0.199547
-0.199075
-0.183686
-0.183312
-0.184117
-0.182576
-0.165658
-0.174261
-0.173552
-0.170167
-0.162783
-0.157742
-0.162012
-0.161983
-0.171176
-0.162029
-0.162271
-0.131799
-0.137455
-0.137095
-0.137971
-0.136501
-0.111028
-0.110889
-0.110553
-0.103710
-0.086664
-0.085730
-0.066274
-0.059610
-0.087915
-0.087158
-0.070758
-0.062460
-0.077778
-0.094499
-0.070824
-0.103031
-0.092524
-0.092254
-0.084018
-0.070739
-0.071188
-0.071755
-0.047024
-0.046815
-0.047117
-0.046889
-0.047722
-0.047680
-0.048272
-0.047954
-0.048527
-0.050993
-0.039718
-0.035039
-0.034862
-0.055847
-0.043114
-0.042827
-0.047484
-0.052976
-0.040282
-0.046509
-0.046642
-0.031224
-0.023025
-0.014298
-0.029569
-0.018603
-0.018434
-0.023110
-0.022998
-0.022651
-0.022768
-0.021763
-0.021930
-0.022113
-0.022102
-0.028272
-0.028267
-0.017237
-0.017226
-0.027061
-0.016494
-0.000669
-0.000255
-0.000476
-0.001533
-0.000887
-0.000197
0.000017
0.000521
-0.000116
-0.000674
-0.000591
0.001673
0.001048
0.001152
0.000075
0.000640
0.035818
0.034473
0.034959
0.034785
0.035128
0.034108
0.034055
0.034416
0.032852
0.035176
0.059516
0.063071
0.063396
0.063725
0.025804
0.027361
0.022538
0.021801
0.034406
0.025775
0.025525
0.026024
0.051586
0.044895
0.059237
0.051307
0.050941
0.046096
0.059921
0.051690
0.053127
0.052765
0.038909
0.053336
0.076858
0.077706
0.077133
0.077789
0.077174
0.077483
0.076612
0.078163
0.078415
0.078996
0.079467
0.078897
0.079170
0.077855
0.078829
0.079518
0.075292
0.086638
0.079685
0.080717
0.079460
0.114795
0.112577
0.115736
0.112499
0.114868
0.115603
0.112488
0.114141
0.111599
0.113183
0.112013
0.111183
0.111162
0.091405
0.091333
0.095728
0.116325
0.108547
0.107144
0.108210
0.107600
0.132009
0.131930
0.132154
0.132107
0.141632
0.170474
0.168693
0.138055
0.154220
0.155947
0.155531
0.156070
0.190563
0.189748
0.189204
0.182311
0.199580
0.190266
0.143375
0.142868
0.144112
0.140478
0.146519
0.144656
0.144255
0.144244
0.143472
0.144222
0.176996
0.173517
0.166300
0.193465
0.174330
0.174503
0.207885
0.207359
0.173309
0.178594
0.176912
0.241103
0.241870
0.240911
0.240998
0.240934
0.273852
0.234940
0.267069
0.244793
0.247869
0.246247
0.238612
0.239187
0.272224
0.271806
0.246255
0.243989
0.243642
0.248361
0.242375
0.234959
0.234979
0.257591
0.257490
0.244160
0.244931
0.234273
0.256269
0.266503
0.266478
0.267184
0.276335
0.267758
0.278658
0.331048
0.330345
0.333254
0.331096
0.312869
0.311051
0.312154
0.341261
0.341462
0.341899
0.339458
0.341348
0.302772
0.329538
0.327926
0.319504
0.321134
0.319623
0.319168
0.326072
0.321489
0.319556
0.312225
0.335478
0.351347
0.351949
0.352279
0.349500
0.357658
0.352768
0.352727
0.352299
0.364698
0.364787
0.383344
0.382925
0.375998
0.366398
0.384728
0.377085
0.377632
0.378942
0.377066
0.377213
0.400284
0.378953
0.380758
0.379531
0.381547
0.425144
0.481968
0.482680
0.482377
0.473434
0.469708
0.470996
0.470386
0.447834
0.446582
0.475234
0.443060
0.444252
0.439811
0.446479
0.485571
0.501681
0.514884
0.515495
0.493124
0.493907
0.495450
0.426974
0.426994
0.428257
0.430128
0.479753
0.479490
0.480728
0.520147
0.519682
0.546818
0.547560
0.575305
0.575829
0.558052
0.561653
0.566360
0.568161
0.567678
0.568098
0.568340
0.565278
0.566766
0.563610
0.595359
0.565706
0.564439
0.709575
0.670679
0.666092
0.665015
0.666857
0.665084
0.664782
0.666977
0.702970
0.703220
0.721499
0.712779
0.733262
0.777146
0.780543
0.779491
0.782583
0.777472
0.810953
0.797119
0.812922
0.812978
0.794561
0.796072
0.792392
0.791176
1.049357
1.044962
1.047389
1.032289
1.036343
1.085852
1.037816
1.038126
1.290546
1.288721
