-1.829063
-1.792788
-1.816969
-1.782692
-0.798581
-0.797811
-0.797029
-0.796919
-0.794657
-0.798509
-0.833439
-0.793689
-0.793015
-0.794503
-0.795140
-0.796689
-0.798268
-0.797761
-0.796306
-0.652781
-0.630685
-0.639126
-0.639380
-0.596576
-0.553065
-0.594879
-0.596678
-0.623273
-0.628421
-0.484684
-0.518766
-0.481217
-0.482016
-0.484766
-0.436266
-0.435783
-0.650093
-0.664518
-0.409067
-0.409453
-0.410431
-0.410323
-0.408593
-0.408984
-0.396675
-0.382616
-0.382180
-0.382563
-0.380381
-0.398699
-0.373078
-0.347278
-0.330403
-0.344471
-0.343040
-0.311041
-0.311257
-0.312740
-0.312700
-0.284254
-0.284010
-0.283693
-0.283851
-0.275928
-0.276060
-0.321393
-0.329132
-0.336195
-0.335392
-0.339299
-0.270836
-0.270739
-0.270949
-0.270840
-0.257589
-0.257524
-0.256198
-0.257115
-0.241085
-0.240712
-0.232722
-0.239204
-0.239426
-0.238374
-0.252073
-0.250708
-0.249734
-0.245833
-0.244507
-0.212799
-0.212062
-0.197871
-0.197046
-0.196127
-0.181762
-0.181959
-0.201393
-0.200692
-0.208369
-0.178483
-0.201557
-0.206331
-0.211340
-0.152941
-0.154882
-0.154177
-0.152239
-0.129465
-0.106811
-0.116794
-0.117318
-0.124183
-0.121134
-0.121647
-0.135216
-0.106934
-0.119067
-0.119474
-0.091610
-0.091567
-0.085327
-0.085253
-0.078731
-0.085115
-0.085472
-0.085213
-0.084793
-0.085624
-0.085884
-0.114642
-0.117830
-0.065674
-0.064645
-0.070173
-0.057898
-0.064859
-0.063679
-0.069229
-0.069155
-0.073820
-0.065994
-0.057005
-0.057215
-0.057005
-0.056766
-0.036376
-0.037839
-0.035024
-0.035188
-0.034944
-0.034203
-0.035780
-0.034849
-0.034621
-0.034069
-0.034095
-0.034425
-0.033708
-0.061931
-0.062365
-0.063059
-0.062001
-0.061369
-0.063347
-0.034107
-0.030096
-0.032517
-0.032590
-0.033200
-0.033951
-0.042965
-0.043683
-0.009956
-0.015625
-0.008459
-0.009591
-0.009705
-0.010019
0.001342
0.025306
0.021877
0.025776
0.023337
0.012505
0.037082
0.010220
0.009946
0.034232
0.035681
0.013381
0.013372
0.038097
0.038923
-0.012648
-0.012392
-0.012182
-0.012358
-0.012301
0.017331
0.013733
0.016395
0.016257
0.016766
-0.002826
0.020392
0.039879
0.045712
0.048502
0.048889
0.043257
0.043161
0.043716
0.043433
0.038661
0.038471
0.041912
0.044015
0.047834
0.047724
0.085034
0.086954
0.084629
0.057080
0.092689
0.075360
0.076317
0.110058
0.069934
0.103376
0.084388
0.076680
0.076942
0.109923
0.080116
0.079940
0.064924
0.099365
0.059263
0.059313
0.068828
0.056046
0.064820
0.068819
0.085982
0.085111
0.085299
0.087539
0.087179
0.087549
0.088088
0.087263
0.110256
0.109949
0.110340
0.110844
0.110384
0.110561
0.111041
0.110898
0.118635
0.124213
0.124671
0.150995
0.180031
0.163835
0.155001
0.135231
0.172918
0.134231
0.133272
0.133243
0.132938
0.134219
0.135508
0.170598
0.170941
0.171633
0.170520
0.194777
0.127066
0.139345
0.130224
0.130422
0.131722
0.132132
0.130847
0.131682
0.153154
0.153147
0.153073
0.152680
0.153373
0.163080
0.169878
0.170119
0.186043
0.186759
0.166303
0.166293
0.182403
0.181835
0.172036
0.180776
0.172701
0.189529
0.188780
0.189160
0.189599
0.221149
0.252435
0.210605
0.243257
0.245647
0.203874
0.217196
0.243892
0.242375
0.203303
0.203751
0.203515
0.238492
0.236578
0.237220
0.211038
0.210861
0.211097
0.211239
0.243922
0.243547
0.243833
0.244205
0.205039
0.205656
0.213124
0.213736
0.214484
0.217810
0.216377
0.219555
0.223354
0.223162
0.223192
0.223294
0.237920
0.237798
0.237882
0.238403
0.238882
0.239303
0.239645
0.258656
0.258480
0.258557
0.258950
0.259247
0.259016
0.258974
0.259537
0.274704
0.317999
0.317899
0.307696
0.272215
0.312954
0.309404
0.276161
0.276767
0.276753
0.276352
0.277334
0.319001
0.316374
0.315689
0.317152
0.299386
0.322236
0.320252
0.274806
0.274546
0.274823
0.273961
0.274954
0.274858
0.275457
0.296201
0.296378
0.296811
0.290118
0.302344
0.297278
0.297812
0.322594
0.323463
0.323797
0.323965
0.323292
0.311337
0.321325
0.319763
0.319955
0.333030
0.337447
0.334716
0.334854
0.390495
0.382037
0.385558
0.388035
0.358693
0.414041
0.382941
0.384989
0.343696
0.343359
0.343595
0.386087
0.377513
0.427634
0.387030
0.346879
0.347206
0.359347
0.359342
0.351215
0.351654
0.351829
0.351931
0.364437
0.366334
0.373390
0.371939
0.372041
0.369243
0.376638
0.402365
0.400321
0.400680
0.400079
0.397652
0.385817
0.408126
0.426961
0.433238
0.431067
0.431248
0.431363
0.431142
0.449710
0.450883
0.451460
0.446341
0.458294
0.448521
0.448480
0.449264
0.450644
0.463063
0.465490
0.464574
0.470730
0.470615
0.471078
0.470966
0.505215
0.571326
0.572695
0.501886
0.504417
0.531354
0.557617
0.555419
0.555972
0.557014
0.496437
0.501150
0.500528
0.543922
0.545639
0.578956
0.578525
0.610801
0.609141
0.596194
0.596479
0.622046
0.620390
0.609436
0.605946
0.609514
0.597087
0.618001
0.642437
0.642597
0.643606
0.644047
0.644586
0.645556
0.619323
0.619633
0.617701
0.620165
0.652144
0.653963
0.651139
0.653209
0.701436
0.701613
0.703020
0.705693
0.703895
0.702288
0.701247
0.693111
0.720942
0.783057
0.807601
0.836382
0.838936
0.791521
0.790408
0.791591
0.793143
0.789788
0.790277
0.790948
0.791672
0.931798
0.932805
0.934434
0.933329
0.912177
0.912603
0.914197
0.933761
0.943478
0.957971
0.957736
0.931227
1.195990
1.195816
1.240418
1.213836
1.208779
1.208766
1.181408
1.215031
1.215851
1.314528
1.324313
1.780881
1.782005
