-2.072557
-2.055143
-1.239335
-1.237633
-1.203365
-0.696468
-0.696845
-0.698986
-0.696850
-0.696961
-0.713630
-0.689296
-0.677538
-0.677702
-0.670972
-0.671357
-0.660174
-0.642831
-0.733905
-0.735269
-0.512174
-0.500521
-0.497529
-0.488664
-0.466087
-0.463960
-0.464869
-0.465210
-0.478829
-0.477819
-0.478400
-0.477704
-0.409780
-0.409207
-0.408888
-0.408048
-0.387179
-0.386163
-0.363356
-0.363101
-0.378036
-0.350524
-0.376094
-0.374863
-0.383100
-0.376940
-0.381448
-0.376458
-0.334143
-0.334673
-0.315832
-0.315668
-0.300177
-0.299313
-0.299075
-0.280356
-0.279845
-0.277961
-0.283324
-0.282342
-0.269660
-0.269111
-0.299565
-0.298341
-0.301039
-0.302177
-0.299946
-0.300278
-0.248954
-0.249164
-0.248043
-0.247825
-0.235524
-0.223694
-0.222898
-0.223458
-0.223551
-0.227412
-0.226946
-0.214409
-0.208964
-0.249398
-0.249038
-0.249425
-0.248692
-0.247967
-0.233162
-0.233588
-0.219439
-0.219195
-0.219496
-0.203867
-0.199089
-0.202620
-0.184123
-0.184389
-0.169864
-0.169724
-0.154954
-0.154647
-0.153485
-0.154739
-0.153021
-0.198567
-0.199945
-0.188776
-0.181866
-0.165261
-0.165004
-0.149185
-0.143094
-0.136669
-0.136015
-0.136299
-0.136417
-0.122955
-0.122889
-0.122177
-0.122075
-0.106426
-0.106179
-0.106141
-0.092620
-0.092127
-0.092578
-0.092447
-0.119486
-0.118052
-0.121132
-0.119322
-0.093295
-0.094727
-0.094068
-0.079837
-0.079327
-0.072292
-0.072220
-0.066056
-0.066000
-0.066379
-0.083849
-0.077078
-0.066082
-0.069948
-0.070351
-0.052299
-0.052566
-0.053271
-0.052084
-0.052902
-0.052412
-0.052849
-0.052592
-0.052026
-0.054666
-0.046185
-0.052346
-0.052962
-0.052210
-0.039811
-0.031895
-0.036352
-0.036000
-0.039558
-0.031786
-0.036478
-0.035658
-0.036340
-0.036471
-0.036916
-0.017897
-0.016424
-0.015607
-0.018529
-0.018511
-0.007141
-0.003784
-0.024807
-0.024743
-0.020432
-0.019483
-0.011101
-0.002382
-0.012868
-0.003950
0.002177
0.009209
0.002050
0.009271
0.005935
0.005950
0.005500
0.005375
0.006249
0.006001
0.014525
0.018606
0.024660
0.021861
0.021803
0.020566
0.020855
0.020333
0.021487
0.020473
0.048577
0.049111
0.046555
0.041138
0.057874
0.066920
0.066438
0.037506
0.036935
0.037952
0.038164
0.060254
0.060122
0.059869
0.060206
0.043769
0.042190
0.041648
0.042900
0.030737
0.031016
0.044433
0.054292
0.064355
0.063313
0.063208
0.064881
0.064514
0.064522
0.064550
0.064404
0.090741
0.090026
0.081917
0.100018
0.090560
0.079919
0.096559
0.088990
0.090169
0.090203
0.090932
0.091647
0.089590
0.078107
0.078233
0.082962
0.082965
0.079158
0.079252
0.078811
0.079105
0.087669
0.087668
0.087559
0.091622
0.101085
0.101174
0.117855
0.139129
0.113779
0.133545
0.134497
0.122602
0.116697
0.132116
0.145196
0.111195
0.117794
0.116543
0.116929
0.126666
0.126782
0.130414
0.131039
0.134593
0.141451
0.148994
0.141111
0.150654
0.151779
0.151836
0.166075
0.166683
0.166984
0.167980
0.167513
0.166689
0.161376
0.161300
0.162199
0.161509
0.152994
0.162140
0.160258
0.169176
0.176938
0.177028
0.177073
0.176497
0.182332
0.183010
0.200673
0.201839
0.198723
0.201075
0.200310
0.194917
0.192904
0.211369
0.199382
0.192850
0.204228
0.211584
0.211234
0.188182
0.199573
0.194893
0.194998
0.212838
0.212406
0.212414
0.212525
0.236579
0.220406
0.235925
0.236570
0.236892
0.237935
0.228015
0.229339
0.226236
0.237597
0.221694
0.232561
0.223445
0.234619
0.250974
0.250809
0.250495
0.261636
0.244186
0.244531
0.248219
0.255716
0.277969
0.299437
0.321047
0.298602
0.299279
0.275679
0.274989
0.275353
0.276376
0.299973
0.321357
0.308809
0.308812
0.308746
0.310628
0.271906
0.272230
0.271553
0.272170
0.272934
0.271531
0.268777
0.278291
0.287436
0.287388
0.299916
0.299891
0.294200
0.288620
0.301220
0.315252
0.316132
0.316361
0.315992
0.312536
0.322398
0.309782
0.320015
0.332330
0.332542
0.333049
0.332945
0.333434
0.333471
0.359752
0.360414
0.349819
0.369398
0.396848
0.396102
0.395302
0.395527
0.351932
0.378483
0.405847
0.361109
0.356379
0.356861
0.340343
0.348443
0.367265
0.366956
0.386031
0.385898
0.406231
0.408300
0.387078
0.400301
0.406352
0.419212
0.345611
0.341332
0.341338
0.347606
0.347842
0.359740
0.360309
0.367815
0.375094
0.375045
0.385419
0.385401
0.396936
0.397208
0.396736
0.396925
0.393992
0.394368
0.401858
0.401917
0.416638
0.416607
0.416242
0.412393
0.425016
0.410966
0.423714
0.470875
0.451253
0.480598
0.469252
0.471354
0.505316
0.504305
0.442472
0.442530
0.436900
0.450629
0.486189
0.484487
0.463496
0.474917
0.498253
0.437034
0.445623
0.450824
0.455648
0.438255
0.437941
0.450846
0.450844
0.472233
0.471697
0.468112
0.483282
0.467486
0.478767
0.482895
0.482932
0.493685
0.494530
0.494440
0.491724
0.499965
0.494971
0.495786
0.506574
0.521292
0.521565
0.512747
0.513294
0.527746
0.527818
0.549967
0.546253
0.545575
0.545589
0.610918
0.602988
0.592285
0.622985
0.607247
0.599992
0.599016
0.630953
0.631436
0.604129
0.606568
0.543512
0.539046
0.551063
0.537878
0.549622
0.545370
0.546311
0.565571
0.565832
0.577563
0.586090
0.604247
0.604724
0.590629
0.603639
0.624463
0.624951
0.625233
0.624806
0.641497
0.642296
0.642004
0.642494
0.643211
0.675075
0.674593
0.675977
0.673902
0.671807
0.763533
0.763695
0.765573
0.765703
0.795386
0.662203
0.662203
0.681591
0.681639
0.702239
0.703211
0.704373
0.732576
0.734393
0.771465
0.769997
0.739128
0.739493
0.765391
0.787451
0.834040
0.826032
0.830080
0.830118
0.846515
0.852268
0.852187
0.852113
0.868505
0.869219
0.868942
0.870150
1.012119
1.014569
1.011765
1.007324
1.013402
0.980148
0.980588
1.019610
0.959665
0.959506
0.978407
0.989508
0.974941
0.973732
0.972991
0.976432
0.997827
1.008539
1.003789
1.004104
1.004632
1.004535
1.031659
1.033500
1.022661
1.045335
1.035882
1.035499
1.204373
1.239519
1.204100
1.205414
1.206606
1.226189
1.242331
1.241903
1.631392
1.537670
1.536469
1.571006
1.688553
2.288428
