-1.812901
-1.812457
-1.670937
-0.830942
-0.813579
-0.821907
-0.821889
-0.821683
-0.821106
-0.821349
-0.791786
-0.791791
-0.790962
-0.790986
-0.792642
-0.790314
-0.792114
-0.758262
-0.604755
-0.605145
-0.604924
-0.637614
-0.600573
-0.599161
-0.610478
-0.611163
-0.481844
-0.486658
-0.486635
-0.446409
-0.446910
-0.481101
-0.486269
-0.483460
-0.485721
-0.482994
-0.478299
-0.614961
-0.396688
-0.397244
-0.396338
-0.396958
-0.409894
-0.383464
-0.395941
-0.394243
-0.414263
-0.398681
-0.383153
-0.383242
-0.403963
-0.379859
-0.365604
-0.364789
-0.327410
-0.297895
-0.284585
-0.284323
-0.285396
-0.283979
-0.341815
-0.339675
-0.341729
-0.298383
-0.298268
-0.351314
-0.311496
-0.315026
-0.333400
-0.337253
-0.335212
-0.337868
-0.341502
-0.269367
-0.269119
-0.271009
-0.265268
-0.269323
-0.248868
-0.247918
-0.246954
-0.248636
-0.244957
-0.246434
-0.249568
-0.245653
-0.228876
-0.228114
-0.228402
-0.196731
-0.198749
-0.197389
-0.197774
-0.200095
-0.199109
-0.206420
-0.202930
-0.207562
-0.217427
-0.186174
-0.204102
-0.209424
-0.210667
-0.158395
-0.158005
-0.159132
-0.158793
-0.123184
-0.122584
-0.122255
-0.124092
-0.135302
-0.110653
-0.136893
-0.138570
-0.136224
-0.136291
-0.116827
-0.106503
-0.105943
-0.105772
-0.105203
-0.106247
-0.124437
-0.122972
-0.126035
-0.144277
-0.114384
-0.126643
-0.124634
-0.125921
-0.126970
-0.127801
-0.082635
-0.082104
-0.066156
-0.066228
-0.075516
-0.077441
-0.078981
-0.079320
-0.077375
-0.062588
-0.040733
-0.040708
-0.039833
-0.041319
-0.039522
-0.039123
-0.040175
-0.039563
-0.039018
-0.056080
-0.056820
-0.053367
-0.055644
-0.074539
-0.074503
-0.048736
-0.047984
-0.024779
-0.024494
-0.024730
-0.024785
-0.024565
-0.024235
-0.024612
-0.023768
-0.067384
-0.036208
-0.043724
-0.043478
-0.045326
-0.045615
-0.047229
-0.047670
0.021100
0.018333
0.022776
0.001007
0.030262
0.019490
0.019475
0.021652
0.021265
0.019562
0.018592
0.019305
0.019920
0.019210
0.019550
0.021411
-0.007811
-0.007434
-0.007769
-0.003672
0.027109
0.027260
0.026423
0.027068
0.028834
0.054494
0.054432
0.022529
0.028065
0.029011
0.019363
0.019037
0.046302
0.046242
0.026976
0.087746
0.084189
0.085903
0.086716
0.087703
0.067018
0.066093
0.098341
0.098075
0.095777
0.086014
0.104137
0.064075
0.064530
0.064487
0.064429
0.064540
0.064759
0.074384
0.084676
0.086172
0.083338
0.083644
0.083952
0.084040
0.101291
0.113263
0.104897
0.105391
0.105892
0.104871
0.105110
0.105108
0.105391
0.105643
0.106079
0.106089
0.122223
0.122156
0.145707
0.145119
0.145944
0.122223
0.121946
0.122323
0.122345
0.145193
0.144239
0.143725
0.128842
0.128414
0.128596
0.128462
0.138930
0.149956
0.150881
0.150997
0.150876
0.151290
0.174783
0.175410
0.177005
0.176025
0.174607
0.175681
0.175688
0.175304
0.175651
0.171950
0.171614
0.171842
0.181593
0.173039
0.186758
0.186880
0.186895
0.187031
0.186870
0.224782
0.214448
0.245956
0.203565
0.233436
0.231768
0.194565
0.195046
0.194560
0.223297
0.224604
0.224890
0.216725
0.215668
0.215788
0.215574
0.218618
0.217091
0.252560
0.253205
0.200725
0.200334
0.200463
0.201014
0.200639
0.200584
0.214142
0.213820
0.223346
0.223223
0.218732
0.219137
0.218499
0.218512
0.234732
0.234572
0.235016
0.235190
0.243201
0.243212
0.242869
0.243547
0.252198
0.252130
0.251926
0.252776
0.251959
0.252217
0.252710
0.252545
0.304445
0.289891
0.322676
0.301633
0.307146
0.304812
0.306152
0.302368
0.270973
0.271327
0.270202
0.270915
0.271263
0.271830
0.271877
0.285422
0.285399
0.289270
0.293867
0.290141
0.289788
0.290177
0.301956
0.309672
0.315678
0.333132
0.313178
0.313313
0.342194
0.343058
0.312311
0.312156
0.313375
0.327546
0.339159
0.339952
0.355671
0.355530
0.399065
0.395680
0.394432
0.394439
0.391173
0.392960
0.390531
0.377482
0.377201
0.377605
0.376180
0.401319
0.401318
0.400923
0.408013
0.408263
0.414039
0.413940
0.426400
0.425915
0.426455
0.368264
0.367993
0.368402
0.368036
0.368079
0.368182
0.362123
0.373587
0.370097
0.391862
0.417327
0.405272
0.393281
0.418180
0.405994
0.406359
0.408017
0.406417
0.391622
0.409397
0.428176
0.428511
0.511332
0.559086
0.530362
0.538163
0.532073
0.527664
0.451688
0.452658
0.462359
0.462339
0.482880
0.516748
0.484566
0.521891
0.490694
0.490127
0.488716
0.526624
0.535886
0.559486
0.555289
0.559706
0.553062
0.583564
0.572032
0.574834
0.572624
0.573782
0.572626
0.572843
0.573000
0.573474
0.614219
0.611578
0.617624
0.644229
0.636438
0.655455
0.672483
0.672163
0.652127
0.651812
0.652414
0.655929
0.652209
0.652455
0.653209
0.628544
0.628589
0.657667
0.657716
0.719621
0.688285
0.688107
0.698087
0.697948
0.697713
0.697837
0.715131
0.715468
0.728243
0.740431
0.739703
0.741092
0.887128
0.959195
0.983524
0.806088
0.805944
0.807146
0.804185
0.890333
0.896318
0.899329
0.973779
0.972273
0.974041
0.976028
0.975774
0.984429
0.982672
1.185473
1.185444
1.187953
1.187650
1.231056
1.516065
1.516810
1.770152
