-1.950041
-1.839693
-1.841515
-1.844955
-0.793482
-0.792397
-0.789705
-0.793478
-0.807631
-0.774298
-0.793468
-0.791922
-0.815817
-0.814854
-0.783726
-0.784170
-0.782480
-0.789208
-0.712687
-0.649310
-0.650857
-0.615976
-0.619083
-0.621574
-0.620055
-0.579990
-0.578795
-0.577763
-0.480620
-0.480150
-0.482877
-0.508250
-0.473294
-0.353576
-0.355359
-0.356771
-0.370426
-0.338900
-0.355455
-0.355749
-0.299255
-0.298834
-0.298033
-0.298407
-0.370183
-0.344543
-0.359150
-0.358377
-0.356317
-0.329386
-0.307711
-0.348460
-0.351474
-0.351118
-0.262629
-0.261964
-0.263037
-0.262794
-0.262202
-0.262135
-0.264304
-0.234988
-0.234708
-0.231580
-0.230676
-0.227720
-0.227645
-0.206790
-0.204701
-0.205891
-0.209765
-0.189873
-0.205382
-0.205354
-0.176074
-0.175089
-0.175260
-0.175278
-0.176038
-0.175335
-0.178696
-0.169020
-0.266433
-0.253067
-0.222600
-0.228278
-0.175361
-0.174536
-0.175447
-0.175242
-0.223594
-0.226188
-0.165159
-0.163885
-0.149534
-0.150745
-0.133098
-0.133045
-0.123698
-0.123938
-0.126846
-0.151813
-0.151827
-0.151725
-0.150928
-0.129259
-0.128961
-0.129248
-0.117777
-0.140788
-0.102256
-0.102529
-0.102518
-0.102451
-0.102808
-0.108472
-0.092519
-0.101861
-0.101486
-0.101293
-0.102183
-0.102525
-0.102004
-0.100930
-0.102188
-0.087745
-0.087741
-0.087676
-0.076380
-0.076227
-0.075405
-0.075922
-0.078116
-0.066975
-0.075756
-0.075585
-0.075857
-0.075315
-0.074779
-0.075199
-0.074609
-0.075771
-0.074643
-0.074295
-0.073320
-0.063022
-0.054783
-0.056982
-0.048602
-0.046872
-0.045791
-0.045821
-0.038552
-0.038254
-0.043263
-0.035577
-0.038704
-0.039202
-0.031311
-0.031281
-0.021189
-0.022428
-0.021635
-0.021276
-0.021941
-0.021023
-0.021291
-0.020864
-0.021094
-0.020661
-0.020990
-0.021749
-0.012953
-0.021211
-0.020351
0.006180
0.003153
0.003352
0.003417
0.002263
0.003077
0.003824
0.002804
0.003389
0.004365
-0.011983
-0.011972
-0.011254
-0.003171
-0.003339
-0.010552
-0.002503
0.013261
0.013798
0.014085
0.014452
0.008183
0.017753
0.048875
0.048352
0.048234
0.047440
0.038849
0.063980
0.034987
0.060299
0.031757
0.031699
0.030257
0.037572
0.039305
0.039296
0.056496
0.057533
0.056650
0.049546
0.049801
0.065823
0.072792
0.082524
0.083754
0.084030
0.081170
0.081581
0.092022
0.095804
0.083651
0.085056
0.085018
0.080158
0.079968
0.093826
0.085263
0.084966
0.085202
0.083348
0.095391
0.097472
0.098126
0.105537
0.104782
0.105102
0.100576
0.107457
0.105721
0.105599
0.105388
0.105539
0.105384
0.105789
0.112244
0.122209
0.121151
0.121412
0.130711
0.130727
0.147859
0.145924
0.146742
0.148181
0.146569
0.148537
0.147234
0.148120
0.138674
0.138625
0.139156
0.139059
0.139201
0.139343
0.156339
0.156684
0.155449
0.166084
0.157989
0.157891
0.158020
0.178432
0.177210
0.177904
0.178486
0.179185
0.178928
0.178820
0.189729
0.195136
0.195069
0.200447
0.176735
0.177128
0.173463
0.181430
0.184852
0.185523
0.193499
0.193827
0.194010
0.193441
0.193126
0.193380
0.193527
0.219055
0.219920
0.220787
0.210214
0.231887
0.213989
0.214820
0.231516
0.240761
0.214477
0.211973
0.213793
0.214156
0.213866
0.214568
0.227536
0.227528
0.236818
0.237414
0.237219
0.228448
0.231131
0.240525
0.241003
0.266822
0.296021
0.285809
0.281983
0.270994
0.270917
0.298858
0.281069
0.257405
0.258068
0.280093
0.279282
0.301730
0.255612
0.255863
0.256236
0.256092
0.256428
0.256496
0.265022
0.279602
0.293251
0.279496
0.302227
0.302658
0.302871
0.303005
0.296322
0.306250
0.302440
0.303046
0.300914
0.310228
0.304347
0.304280
0.350321
0.345770
0.349984
0.335628
0.334314
0.335158
0.336624
0.374172
0.373574
0.323340
0.323201
0.340187
0.339985
0.328592
0.328310
0.344611
0.344501
0.363344
0.362704
0.364165
0.364649
0.363703
0.364256
0.387082
0.397973
0.409729
0.397361
0.396268
0.394938
0.389246
0.389151
0.389293
0.389116
0.389060
0.389359
0.389631
0.408541
0.408430
0.419284
0.402831
0.403564
0.411674
0.417761
0.450532
0.449856
0.446293
0.448553
0.488575
0.491103
0.491057
0.423507
0.423727
0.423782
0.428649
0.428672
0.430473
0.430524
0.459725
0.459320
0.432434
0.432433
0.438404
0.462303
0.494612
0.495288
0.493241
0.493961
0.495326
0.497857
0.487759
0.487925
0.503433
0.503339
0.528982
0.522220
0.520849
0.543591
0.531176
0.529496
0.525459
0.543299
0.547678
0.554549
0.554641
0.530389
0.531808
0.530796
0.533291
0.533654
0.533024
0.606914
0.603425
0.604520
0.601147
0.601271
0.595719
0.593377
0.593993
0.596442
0.587868
0.621590
0.593161
0.633753
0.675157
0.848293
0.841184
0.844533
0.665540
0.663636
0.664625
0.693391
0.693576
0.694659
0.785397
0.723563
0.754434
0.852050
0.828534
0.911822
0.910594
0.912016
0.910737
0.912553
0.912889
0.911955
0.914629
0.891840
0.923568
0.923416
0.932337
0.962164
1.005683
0.992021
1.206772
1.207291
1.226078
1.243616
1.234260
1.494723
