-1.843612
-1.855014
-0.837575
-0.836136
-0.837644
-0.837486
-0.835458
-0.872009
-0.833493
-0.835509
-0.834923
-0.804079
-0.804251
-0.803602
-0.802975
-0.803917
-0.804617
-0.803423
-0.804100
-0.693506
-0.672449
-0.663252
-0.683633
-0.683253
-0.640633
-0.641331
-0.645450
-0.642865
-0.645099
-0.646157
-0.613044
-0.613169
-0.615618
-0.582626
-0.582207
-0.581143
-0.505637
-0.506118
-0.503236
-0.517149
-0.516515
-0.485137
-0.484552
-0.452760
-0.451705
-0.436339
-0.436171
-0.435349
-0.435727
-0.436501
-0.406449
-0.406352
-0.405571
-0.404699
-0.408004
-0.405707
-0.404592
-0.373987
-0.375723
-0.370518
-0.351014
-0.337503
-0.334641
-0.334660
-0.318736
-0.293442
-0.312151
-0.310376
-0.330490
-0.307742
-0.310268
-0.360193
-0.356911
-0.320892
-0.258391
-0.257177
-0.258597
-0.264331
-0.263382
-0.244504
-0.239015
-0.258611
-0.257801
-0.258038
-0.258670
-0.257037
-0.256616
-0.255071
-0.256554
-0.255476
-0.267102
-0.246270
-0.246087
-0.228010
-0.228115
-0.227688
-0.227580
-0.193486
-0.193056
-0.191565
-0.219527
-0.192617
-0.172729
-0.172898
-0.202781
-0.202102
-0.203096
-0.204937
-0.208596
-0.205419
-0.209469
-0.207581
-0.212576
-0.153485
-0.153564
-0.135055
-0.135109
-0.145515
-0.145988
-0.146426
-0.163444
-0.156833
-0.156767
-0.147977
-0.148049
-0.143768
-0.134819
-0.149489
-0.148429
-0.132379
-0.120677
-0.120796
-0.120938
-0.121181
-0.120624
-0.120800
-0.102167
-0.086792
-0.084678
-0.098498
-0.099472
-0.100157
-0.105153
-0.107438
-0.106473
-0.107643
-0.110448
-0.069132
-0.074670
-0.059852
-0.078223
-0.062831
-0.067231
-0.046699
-0.045719
-0.046263
-0.052188
-0.052029
-0.044032
-0.043551
-0.029346
-0.029373
-0.029124
-0.028520
-0.028106
-0.057467
-0.056006
-0.057147
-0.056876
-0.035995
-0.036073
-0.035984
-0.026899
-0.026842
-0.026764
-0.026722
-0.026864
-0.026085
-0.027050
-0.068435
-0.068245
-0.068963
-0.068037
-0.051768
-0.051257
-0.051455
-0.032085
-0.032979
-0.032182
-0.033088
-0.031858
-0.031991
-0.030706
-0.032224
0.012498
0.013879
0.012410
0.012298
0.009758
-0.005361
-0.005743
-0.005897
-0.010376
-0.010673
0.001252
0.001184
0.005619
0.022749
0.022850
0.025503
0.003226
0.006192
-0.012819
0.007544
-0.014839
-0.006280
0.010266
0.003753
0.003426
0.003552
0.003722
0.004315
0.021408
0.021389
0.033878
0.029552
0.042768
0.035443
0.034122
0.035916
0.036009
0.081452
0.083855
0.077706
0.078268
0.078844
0.079676
0.080798
0.081865
0.081652
0.080896
0.081465
0.077671
0.078574
0.080954
0.081011
0.066969
0.052237
0.052403
0.057089
0.059409
0.072813
0.073388
0.073285
0.073550
0.087843
0.095138
0.107113
0.107057
0.085919
0.085813
0.100470
0.101001
0.099330
0.099756
0.099626
0.099635
0.101613
0.101296
0.101991
0.137709
0.138550
0.136280
0.138303
0.137125
0.139018
0.116301
0.126683
0.125704
0.126168
0.127169
0.125179
0.126132
0.126409
0.140197
0.152096
0.147674
0.148212
0.143108
0.150863
0.154629
0.158906
0.171600
0.171930
0.171113
0.170394
0.169725
0.166176
0.176930
0.184358
0.161670
0.161567
0.173921
0.174670
0.172340
0.172445
0.172495
0.165985
0.166192
0.165908
0.165544
0.179065
0.178544
0.178928
0.179507
0.223083
0.195355
0.226416
0.215529
0.214837
0.250664
0.221302
0.194980
0.195162
0.195199
0.195487
0.196228
0.195440
0.211333
0.211346
0.211540
0.211982
0.211828
0.211884
0.211587
0.235470
0.236104
0.234840
0.228165
0.243024
0.253087
0.227997
0.227947
0.223771
0.232883
0.246546
0.246498
0.247023
0.247275
0.298353
0.294912
0.294626
0.292148
0.293756
0.294371
0.295154
0.292342
0.286674
0.293778
0.293090
0.258954
0.289205
0.285704
0.324266
0.325195
0.286190
0.264812
0.266006
0.265557
0.265232
0.265884
0.266553
0.265584
0.266056
0.287487
0.288367
0.288616
0.287952
0.279426
0.284259
0.291949
0.300447
0.306597
0.316818
0.311371
0.312124
0.311116
0.310948
0.311103
0.311302
0.326896
0.334815
0.340649
0.340914
0.333730
0.333463
0.333676
0.387995
0.394668
0.390082
0.382923
0.382223
0.353533
0.353618
0.353216
0.366297
0.370636
0.399297
0.395488
0.380791
0.404973
0.353054
0.352769
0.353455
0.353170
0.352968
0.352667
0.353577
0.375261
0.373022
0.389582
0.376994
0.377883
0.392983
0.407424
0.432637
0.416869
0.416187
0.418357
0.418063
0.401268
0.410710
0.402649
0.402927
0.427905
0.428301
0.429090
0.496658
0.538241
0.540690
0.538857
0.454926
0.465427
0.455749
0.505814
0.501099
0.497067
0.498721
0.455262
0.505985
0.504185
0.505880
0.507647
0.548043
0.548443
0.548880
0.549123
0.548169
0.549132
0.549703
0.548830
0.571082
0.572803
0.579395
0.579652
0.579174
0.580953
0.580946
0.579886
0.581628
0.581496
0.567368
0.588176
0.579137
0.579753
0.609257
0.609258
0.623855
0.619619
0.628849
0.624766
0.624128
0.624992
0.624904
0.624844
0.625388
0.651461
0.645554
0.645120
0.640637
0.653499
0.666230
0.666657
0.682332
0.682351
0.873233
0.950899
0.708601
0.710624
0.708402
0.710518
0.710042
0.701946
0.719473
0.735223
0.735362
0.735742
0.752354
0.753349
0.891581
0.891126
0.848899
0.867934
0.813226
0.813572
0.896203
0.956801
0.991447
0.985321
0.985103
0.977700
0.991303
1.013504
1.014274
1.014071
1.060578
1.062142
1.048189
1.080807
1.101556
1.290097
1.289061
1.319983
1.633278
1.767368
