-2.248907
-2.220789
-1.930011
-1.940539
-1.948452
-1.951232
-1.954948
-1.910372
-2.090256
-1.088019
-1.089124
-1.090271
-1.071931
-1.071895
-1.066901
-1.060082
-1.042436
-1.049246
-1.050286
-1.070493
-0.895914
-0.874671
-0.864758
-0.852639
-0.835821
-0.854975
-0.837405
-0.870391
-0.866138
-0.804781
-0.817376
-0.767292
-0.695820
-0.668148
-0.682675
-0.682957
-0.681611
-0.680914
-0.679192
-0.681348
-0.493793
-0.494077
-0.495012
-0.494521
-0.494701
-0.536153
-0.492293
-0.489410
-0.414632
-0.417805
-0.417722
-0.414820
-0.415233
-0.419056
-0.430839
-0.406304
-0.424022
-0.423340
-0.371011
-0.371717
-0.372520
-0.372046
-0.375761
-0.371070
-0.373294
-0.372021
-0.374375
-0.375736
-0.282925
-0.281984
-0.279342
-0.281033
-0.291147
-0.288842
-0.265212
-0.264588
-0.279984
-0.278950
-0.276273
-0.275434
-0.277249
-0.246994
-0.247325
-0.232229
-0.244334
-0.242858
-0.242592
-0.241651
-0.203700
-0.204391
-0.203953
-0.178546
-0.223797
-0.226643
-0.228078
-0.219223
-0.215095
-0.220274
-0.222879
-0.229229
-0.228328
-0.170728
-0.157857
-0.164318
-0.164101
-0.163688
-0.164041
-0.141453
-0.141272
-0.141852
-0.141389
-0.147810
-0.147320
-0.136554
-0.137155
-0.151365
-0.149796
-0.150107
-0.150016
-0.162025
-0.161263
-0.140402
-0.139790
-0.147972
-0.149814
-0.148372
-0.147515
-0.157889
-0.157694
-0.137378
-0.138138
-0.114338
-0.112802
-0.114404
-0.111452
-0.094112
-0.119405
-0.100381
-0.112445
-0.111123
-0.113105
-0.122256
-0.122188
-0.112131
-0.112123
-0.108605
-0.108928
-0.108890
-0.105736
-0.103354
-0.103406
-0.097670
-0.097612
-0.069961
-0.068402
-0.086447
-0.085238
-0.085128
-0.085119
-0.085317
-0.085389
-0.084948
-0.085025
-0.065735
-0.065234
-0.052149
-0.052256
-0.049675
-0.049576
-0.045451
-0.045553
-0.084401
-0.083367
-0.084387
-0.082305
-0.083822
-0.084585
-0.084269
-0.083893
-0.059743
-0.059628
-0.060217
-0.058513
-0.074111
-0.058370
-0.058182
-0.058861
-0.060402
-0.073504
-0.057517
-0.027452
-0.028574
-0.027218
-0.027918
-0.029766
-0.027444
-0.028449
-0.027317
-0.026572
-0.035820
-0.035648
-0.035447
-0.040192
-0.032707
-0.035843
-0.035674
-0.020953
-0.024071
-0.016645
-0.021105
-0.020796
-0.001981
-0.002224
-0.001106
-0.002015
-0.009438
0.002858
-0.001708
-0.002461
-0.002058
-0.002327
-0.007328
0.004909
-0.000915
-0.001687
-0.001922
-0.001620
-0.000989
-0.000063
0.000072
-0.001514
-0.000123
-0.001262
-0.001058
-0.001812
0.038253
0.038375
0.039206
0.040038
0.039525
0.038948
0.040768
0.022407
0.049024
0.049323
0.035996
0.035765
0.062998
0.012587
0.012687
0.014195
0.023026
0.023715
0.016782
0.026936
0.018892
0.028730
0.022456
0.022371
0.049431
0.048583
0.033022
0.033070
0.034447
0.034805
0.035111
0.035329
0.052281
0.093385
0.074693
0.097596
0.097929
0.097016
0.079913
0.100891
0.090898
0.088607
0.090840
0.090327
0.070991
0.070954
0.075529
0.075391
0.098397
0.097717
0.098166
0.096793
0.132064
0.128146
0.134208
0.131427
0.131180
0.131034
0.131523
0.118166
0.138383
0.133567
0.134142
0.134146
0.133869
0.132723
0.132877
0.132591
0.134827
0.164864
0.163760
0.164950
0.164422
0.163795
0.164529
0.164893
0.166092
0.165393
0.165577
0.158264
0.170002
0.195811
0.195920
0.197651
0.196127
0.196024
0.196376
0.195770
0.181545
0.193024
0.181985
0.193092
0.212052
0.211896
0.211206
0.158980
0.158257
0.158476
0.183997
0.184629
0.171718
0.193446
0.181515
0.180567
0.181917
0.182271
0.180327
0.182552
0.182817
0.182076
0.215124
0.215678
0.216265
0.216141
0.215556
0.215906
0.212063
0.211610
0.211729
0.221100
0.221000
0.221013
0.264879
0.267716
0.265874
0.265434
0.264014
0.234217
0.259136
0.259975
0.280888
0.293165
0.293209
0.304644
0.304416
0.243463
0.243598
0.244075
0.226654
0.233389
0.249135
0.249202
0.245363
0.244603
0.244376
0.243649
0.256667
0.265080
0.289776
0.289838
0.275397
0.297596
0.299271
0.299220
0.306731
0.306554
0.307139
0.307775
0.321280
0.349443
0.317789
0.318348
0.318236
0.318192
0.318301
0.318496
0.318615
0.318424
0.343643
0.345656
0.345611
0.346385
0.346277
0.346437
0.432043
0.460070
0.484701
0.484106
0.444006
0.441853
0.435923
0.417467
0.453676
0.471450
0.471639
0.480216
0.491507
0.491286
0.492415
0.396303
0.396428
0.412963
0.426718
0.444304
0.392257
0.407763
0.399175
0.398462
0.416131
0.416080
0.435454
0.435560
0.454556
0.454455
0.465862
0.476453
0.489313
0.490434
0.490478
0.490023
0.478067
0.477569
0.478651
0.479386
0.552479
0.517508
0.518222
0.518122
0.546683
0.546377
0.547387
0.545957
0.563652
0.563679
0.563506
0.566980
0.567003
0.579706
0.579370
0.552378
0.560166
0.687750
0.733652
0.770858
0.741766
0.731053
0.660126
0.653890
0.655322
0.628643
0.681669
0.657291
0.677927
0.732909
0.770343
0.773427
0.767501
0.769978
0.767113
0.758525
0.757495
0.757951
0.893749
0.894224
0.918626
0.937576
0.900525
1.073490
1.072403
1.073213
1.103975
1.369064
1.406156
