-2.232320
-1.320985
-1.320399
-1.350260
-0.744082
-0.749212
-0.733311
-0.713925
-0.713767
-0.696872
-0.692247
-0.692344
-0.685024
-0.670765
-0.774106
-0.770589
-0.602711
-0.576905
-0.576897
-0.576481
-0.576709
-0.551504
-0.552436
-0.526810
-0.548884
-0.557554
-0.537032
-0.510740
-0.511630
-0.498169
-0.482313
-0.472375
-0.461927
-0.461541
-0.444182
-0.443672
-0.461776
-0.461804
-0.443901
-0.431239
-0.431408
-0.415773
-0.416518
-0.406291
-0.402691
-0.394784
-0.395040
-0.395101
-0.376452
-0.377382
-0.375996
-0.414523
-0.382206
-0.350208
-0.349879
-0.327549
-0.327611
-0.314446
-0.314279
-0.314440
-0.304658
-0.307718
-0.299443
-0.287601
-0.287611
-0.287270
-0.327639
-0.327455
-0.328925
-0.327277
-0.309185
-0.293796
-0.293930
-0.295001
-0.260596
-0.269843
-0.254216
-0.246594
-0.231938
-0.232062
-0.231173
-0.230771
-0.264450
-0.245652
-0.254781
-0.256525
-0.272191
-0.262835
-0.248593
-0.248080
-0.226674
-0.226600
-0.226808
-0.233407
-0.221417
-0.208477
-0.208378
-0.192644
-0.192781
-0.212010
-0.195288
-0.197975
-0.211157
-0.195070
-0.198077
-0.211539
-0.194804
-0.196105
-0.178437
-0.171670
-0.177026
-0.177404
-0.165009
-0.164889
-0.164848
-0.165210
-0.170643
-0.171711
-0.171594
-0.170072
-0.170541
-0.172251
-0.171065
-0.152716
-0.152673
-0.143797
-0.143950
-0.135657
-0.135916
-0.135786
-0.152658
-0.151950
-0.143062
-0.135353
-0.135859
-0.127661
-0.122660
-0.118321
-0.113390
-0.120217
-0.120704
-0.108883
-0.108921
-0.106476
-0.095164
-0.095581
-0.095481
-0.094953
-0.097816
-0.098283
-0.097463
-0.097092
-0.104761
-0.092125
-0.076628
-0.076762
-0.081632
-0.071333
-0.076401
-0.076372
-0.076308
-0.078918
-0.078664
-0.078659
-0.078562
-0.069184
-0.069310
-0.066322
-0.057054
-0.058023
-0.064229
-0.055904
-0.056403
-0.058007
-0.057059
-0.058188
-0.057281
-0.057065
-0.058031
-0.038921
-0.038111
-0.039114
-0.039790
-0.039546
-0.038677
-0.038345
-0.040579
-0.040885
-0.031172
-0.029176
-0.039472
-0.038089
-0.038136
-0.027745
-0.027105
-0.023844
-0.023807
-0.016548
-0.007836
-0.012017
-0.012078
-0.016111
0.007109
0.006099
0.007508
0.007264
0.006933
0.003764
0.003974
0.015021
0.015057
0.007751
0.028079
0.042964
0.034490
0.034642
0.054446
0.058549
0.062521
0.027612
0.036641
0.029330
0.028478
0.028386
0.037030
0.045045
0.044948
0.052392
0.058320
0.058076
0.058445
0.075103
0.074284
0.074888
0.076073
0.088198
0.095138
0.095040
0.095440
0.095206
0.066469
0.066534
0.076971
0.076796
0.074908
0.092386
0.092683
0.092968
0.093438
0.093122
0.092977
0.093115
0.109103
0.109454
0.108966
0.108782
0.118143
0.109634
0.109677
0.110241
0.109296
0.101168
0.106693
0.115508
0.130163
0.130607
0.130242
0.129781
0.122317
0.134034
0.122681
0.134839
0.131098
0.132671
0.127410
0.127789
0.139735
0.139537
0.147357
0.147762
0.147025
0.153865
0.165444
0.164960
0.177337
0.149128
0.148847
0.157214
0.157112
0.150887
0.158421
0.151171
0.151673
0.165405
0.172111
0.166078
0.166188
0.174773
0.178240
0.176273
0.176224
0.192213
0.192609
0.192447
0.191917
0.211526
0.211879
0.190482
0.184227
0.196459
0.179896
0.183559
0.195042
0.195480
0.210217
0.210054
0.208552
0.215337
0.210702
0.210323
0.239967
0.237310
0.227089
0.252566
0.239684
0.238915
0.238512
0.230598
0.230425
0.255261
0.226597
0.252489
0.235279
0.236097
0.223418
0.223964
0.223988
0.230449
0.234983
0.234815
0.234729
0.234897
0.245121
0.244952
0.245248
0.245440
0.257108
0.264780
0.258192
0.258422
0.281190
0.283018
0.281113
0.281460
0.303434
0.270520
0.270722
0.270789
0.270986
0.281310
0.281692
0.280849
0.286163
0.296802
0.295417
0.294936
0.305419
0.292319
0.292670
0.302177
0.306353
0.324678
0.316066
0.336472
0.326656
0.326032
0.325611
0.311231
0.315915
0.320404
0.320439
0.315641
0.315377
0.316032
0.316437
0.335747
0.335690
0.329998
0.340969
0.327455
0.327542
0.338796
0.339039
0.353778
0.378068
0.378681
0.378270
0.406053
0.404701
0.404408
0.357953
0.359700
0.357353
0.358152
0.380164
0.380759
0.380090
0.404545
0.403448
0.406356
0.403978
0.353271
0.353151
0.363530
0.363799
0.357571
0.357611
0.355605
0.365530
0.378103
0.377679
0.390696
0.374356
0.374403
0.387325
0.387617
0.402801
0.403521
0.398542
0.409641
0.397487
0.398103
0.408927
0.408861
0.420883
0.420989
0.420589
0.426654
0.431648
0.437131
0.432327
0.432667
0.458376
0.475580
0.465744
0.483796
0.491926
0.502917
0.502697
0.519719
0.481528
0.478530
0.442897
0.443445
0.443240
0.443605
0.459413
0.460457
0.460713
0.460541
0.485431
0.483927
0.484850
0.479381
0.495128
0.511020
0.511148
0.511716
0.511737
0.511949
0.525720
0.525777
0.525926
0.525902
0.537052
0.537884
0.537607
0.571712
0.566836
0.563153
0.564050
0.562573
0.608015
0.607600
0.606317
0.609535
0.591712
0.612713
0.548976
0.548888
0.548700
0.548554
0.561558
0.562021
0.560675
0.562126
0.582025
0.581105
0.602746
0.601993
0.625008
0.625566
0.621888
0.632197
0.650091
0.644713
0.644902
0.644518
0.644038
0.661562
0.653089
0.661945
0.679877
0.679042
0.701615
0.702754
0.670717
0.680947
0.702821
0.703335
0.778420
0.776059
0.780629
0.777976
0.777409
0.752879
0.749209
0.749517
0.788076
0.786786
0.786742
0.723916
0.735616
0.730233
0.729560
0.750788
0.749465
0.750562
0.750261
0.771036
0.771427
0.771079
0.770275
0.797129
0.797248
0.806378
0.845739
0.845290
0.845740
0.855572
0.866693
0.866236
0.866578
0.866270
0.866287
0.861652
0.870720
0.882354
0.901611
0.884879
0.886135
0.907103
0.878904
0.879081
0.892772
0.891565
0.912234
1.007984
1.006003
1.009061
0.973984
0.998255
0.999105
1.009352
1.011585
1.031104
1.030017
1.031082
1.235350
1.229994
1.231811
1.214611
1.212491
1.211670
1.225813
1.240220
1.240100
1.240753
1.240260
1.263537
1.263528
1.264685
1.264278
1.665663
1.664916
1.663728
1.662768
1.772072
2.126286
