-2.040786
-2.035049
-2.037850
-2.037117
-1.916238
-1.911683
-1.920687
-1.935781
-2.064531
-1.913541
-0.969023
-0.970906
-0.971505
-0.983878
-0.951074
-0.968602
-0.983391
-0.983856
-0.958011
-0.957795
-0.939753
-0.938942
-0.741990
-0.740800
-0.740863
-0.739574
-0.741648
-0.746245
-0.742807
-0.746239
-0.647827
-0.657886
-0.597567
-0.595881
-0.554224
-0.554888
-0.602546
-0.598569
-0.607405
-0.454379
-0.439986
-0.424805
-0.425134
-0.406709
-0.432118
-0.431493
-0.433041
-0.432054
-0.432256
-0.428994
-0.426379
-0.376511
-0.370854
-0.328621
-0.329009
-0.346166
-0.390921
-0.389559
-0.375318
-0.362288
-0.330330
-0.332035
-0.373887
-0.375532
-0.375240
-0.374098
-0.376835
-0.331474
-0.328866
-0.332154
-0.331486
-0.337639
-0.273927
-0.272168
-0.254501
-0.249889
-0.264526
-0.266730
-0.264566
-0.267899
-0.292911
-0.279455
-0.257107
-0.263538
-0.262798
-0.282098
-0.280943
-0.281059
-0.257505
-0.256974
-0.267756
-0.254846
-0.238391
-0.237681
-0.241742
-0.234250
-0.227256
-0.227456
-0.223602
-0.202948
-0.214657
-0.214427
-0.215037
-0.216373
-0.235159
-0.204052
-0.216645
-0.217828
-0.220281
-0.220550
-0.176933
-0.176977
-0.171621
-0.171636
-0.178473
-0.173175
-0.147860
-0.149274
-0.147361
-0.146639
-0.147627
-0.146864
-0.173768
-0.173321
-0.146725
-0.145809
-0.148208
-0.147428
-0.149196
-0.147017
-0.147013
-0.148883
-0.145913
-0.146667
-0.128464
-0.127680
-0.113669
-0.113820
-0.119305
-0.119593
-0.119618
-0.119886
-0.104791
-0.104545
-0.097959
-0.097915
-0.113922
-0.083404
-0.083887
-0.083195
-0.083251
-0.082593
-0.082069
-0.082313
-0.083756
-0.083977
-0.082011
-0.081599
-0.082206
-0.081595
-0.057778
-0.057856
-0.057059
-0.057661
-0.057201
-0.057746
-0.057551
-0.067873
-0.067487
-0.067216
-0.066420
-0.065104
-0.065002
-0.066712
-0.066238
-0.081449
-0.081073
-0.082234
-0.080987
-0.082724
-0.070781
-0.080896
-0.080896
-0.056335
-0.055454
-0.043532
-0.055154
-0.055050
-0.055917
-0.055372
-0.032433
-0.031994
-0.032242
-0.032220
-0.021731
-0.031804
-0.032907
-0.016866
-0.009431
-0.005775
-0.005737
-0.002265
0.001175
0.006180
0.005821
-0.018125
-0.017713
-0.008311
-0.007568
-0.000169
0.005049
0.005363
-0.022546
-0.024012
-0.004167
-0.038083
-0.038246
-0.021977
-0.006459
-0.019203
-0.020825
0.003832
0.001968
0.007471
0.004231
0.004032
0.002306
0.007793
0.004418
0.038526
0.034696
0.031371
0.030395
0.030507
0.030867
0.028548
0.030969
0.029929
0.054876
0.062973
0.062205
0.061561
0.023358
0.023974
0.023948
0.023845
0.023246
0.022532
0.023767
0.024157
0.025055
0.025290
0.025131
0.041375
0.056539
0.051891
0.051516
0.051310
0.052025
0.052185
0.051853
0.052603
0.051495
0.051157
0.052291
0.102719
0.099803
0.099794
0.141419
0.084983
0.083204
0.084061
0.116619
0.103544
0.122729
0.099365
0.102147
0.071359
0.071453
0.071591
0.074377
0.074340
0.078443
0.078411
0.102869
0.103151
0.103810
0.095369
0.114381
0.105042
0.103512
0.123325
0.123242
0.123303
0.134177
0.133416
0.133428
0.134362
0.135122
0.135544
0.134290
0.135581
0.135498
0.128174
0.141333
0.177826
0.150293
0.161952
0.162654
0.162127
0.161452
0.182324
0.200794
0.213011
0.162330
0.180046
0.199354
0.156276
0.163654
0.187755
0.188492
0.172657
0.202931
0.180579
0.179293
0.179119
0.179889
0.181383
0.180037
0.208263
0.216407
0.210454
0.210330
0.210059
0.211391
0.211106
0.260664
0.260162
0.245119
0.241941
0.270738
0.268574
0.284503
0.284346
0.296166
0.295762
0.226065
0.226436
0.226161
0.226126
0.226403
0.251481
0.251385
0.282435
0.280408
0.270653
0.270532
0.268089
0.265588
0.256483
0.254673
0.256164
0.254224
0.255376
0.288232
0.288632
0.289092
0.288179
0.289969
0.288177
0.289975
0.309370
0.309477
0.309775
0.334413
0.338265
0.339821
0.320716
0.331901
0.326437
0.314855
0.351373
0.338340
0.340080
0.319645
0.321436
0.321426
0.322075
0.320403
0.351759
0.352002
0.351780
0.351915
0.351213
0.350922
0.352179
0.435286
0.434199
0.434220
0.432316
0.432137
0.433040
0.432288
0.432561
0.439907
0.419857
0.455293
0.412857
0.432252
0.451413
0.451597
0.433433
0.437427
0.435493
0.437925
0.429120
0.429624
0.430887
0.431544
0.469308
0.471641
0.470256
0.437889
0.413183
0.448136
0.439570
0.442406
0.512455
0.551160
0.552963
0.552149
0.590897
0.530433
0.527133
0.524965
0.509721
0.541084
0.533464
0.526933
0.525041
0.525422
0.526869
0.519637
0.519596
0.550085
0.570701
0.572770
0.572189
0.575422
0.575990
0.576845
0.592852
0.603825
0.604088
0.603621
0.604492
0.703547
0.642007
0.711012
0.693061
0.673723
0.660340
0.661861
0.661522
0.665437
0.700154
0.698458
0.697814
0.738700
0.793363
0.766139
0.768720
0.780027
0.771956
0.772554
0.786869
0.786752
0.807751
0.807031
0.807453
1.011572
0.996969
0.985336
0.976933
0.980965
0.978922
0.980484
1.024854
1.404936
1.406394
