-1.886111
-1.883456
-1.823658
-1.819961
-1.557688
-1.078609
-1.023263
-0.807548
-0.808039
-0.775322
-0.775307
-0.786797
-0.790457
-0.788884
-0.789632
-0.788441
-0.807508
-0.773779
-0.791149
-0.790347
-0.790186
-0.789409
-0.786919
-0.782877
-0.645331
-0.665641
-0.636515
-0.635116
-0.634331
-0.537012
-0.545771
-0.545268
-0.508492
-0.562940
-0.540779
-0.524428
-0.504379
-0.421837
-0.419765
-0.419997
-0.421329
-0.429216
-0.428936
-0.405648
-0.405415
-0.419749
-0.418801
-0.414499
-0.396417
-0.396305
-0.384555
-0.385230
-0.383543
-0.334313
-0.337969
-0.332420
-0.335009
-0.333054
-0.335582
-0.334860
-0.337398
-0.368088
-0.366955
-0.369351
-0.324287
-0.327716
-0.381121
-0.347962
-0.283592
-0.264694
-0.274111
-0.273192
-0.274395
-0.273043
-0.274936
-0.274060
-0.257416
-0.272848
-0.273766
-0.273411
-0.272249
-0.273812
-0.273592
-0.279488
-0.262405
-0.247146
-0.245460
-0.247273
-0.247103
-0.246075
-0.246687
-0.222850
-0.223279
-0.223689
-0.198461
-0.199155
-0.199490
-0.167283
-0.168597
-0.169684
-0.168072
-0.168605
-0.170976
-0.168672
-0.168158
-0.201153
-0.237858
-0.191570
-0.229933
-0.192160
-0.222431
-0.224316
-0.163419
-0.162690
-0.163451
-0.143283
-0.150213
-0.150281
-0.147393
-0.140172
-0.142691
-0.142744
-0.143045
-0.142244
-0.142851
-0.143814
-0.134938
-0.110480
-0.111625
-0.111543
-0.112834
-0.111447
-0.112541
-0.119450
-0.104577
-0.102623
-0.093890
-0.109786
-0.107666
-0.108235
-0.111102
-0.128655
-0.128989
-0.126436
-0.129926
-0.137247
-0.115969
-0.095459
-0.095529
-0.122939
-0.121121
-0.058636
-0.057953
-0.057061
-0.057933
-0.057073
-0.077399
-0.048680
-0.049881
-0.049810
-0.061797
-0.061489
-0.081020
-0.057985
-0.060218
-0.060825
-0.062077
-0.061212
-0.034043
-0.034409
-0.034292
-0.033755
-0.035100
-0.053533
-0.052467
-0.052255
-0.057639
-0.053541
-0.055079
-0.056121
-0.058134
-0.031302
-0.050555
-0.066132
-0.039830
-0.065905
-0.048080
-0.043671
-0.033376
-0.052390
-0.050992
-0.050579
-0.051321
-0.024285
-0.024265
-0.016309
-0.015944
-0.016825
-0.017867
-0.017178
-0.017607
0.000538
0.020164
0.009567
0.009618
0.030561
0.031938
0.035294
0.035608
0.035580
-0.004986
-0.006985
-0.005186
-0.005846
-0.005742
-0.004926
-0.005096
-0.003811
0.010574
0.023922
0.023672
0.023816
0.025308
0.019611
0.018700
0.033523
0.011398
0.011456
0.018879
0.018707
0.029071
0.035460
0.038975
0.044789
0.045358
0.045285
0.057822
0.057569
0.053977
0.062381
0.042568
0.042809
0.042777
0.042760
0.042512
0.047476
0.056061
0.056262
0.056875
0.056991
0.076433
0.079502
0.078791
0.067562
0.067573
0.067463
0.069824
0.081182
0.082613
0.075825
0.089655
0.079127
0.079821
0.080486
0.067648
0.082278
0.102860
0.120289
0.112828
0.110744
0.102298
0.119296
0.111224
0.109474
0.102320
0.102396
0.102744
0.099467
0.108293
0.096174
0.105185
0.114319
0.114138
0.122460
0.122600
0.120057
0.119204
0.120143
0.141913
0.140845
0.140722
0.129079
0.142112
0.141649
0.141574
0.161905
0.161976
0.161952
0.161178
0.140667
0.140238
0.140810
0.141125
0.141543
0.160650
0.160527
0.168053
0.161255
0.161312
0.161393
0.182282
0.181369
0.181881
0.174481
0.174618
0.174515
0.180817
0.181176
0.188703
0.188733
0.188881
0.188992
0.217150
0.219442
0.219153
0.199790
0.212761
0.225724
0.237517
0.219916
0.210258
0.209406
0.224739
0.224798
0.202198
0.216319
0.196819
0.211920
0.228496
0.228611
0.228637
0.228618
0.239234
0.239000
0.239438
0.240213
0.254785
0.254341
0.254235
0.254426
0.254025
0.266726
0.280335
0.298223
0.300752
0.284893
0.279254
0.308238
0.287559
0.286642
0.285754
0.258079
0.258628
0.252519
0.262270
0.259756
0.259085
0.259182
0.253559
0.263362
0.280360
0.280221
0.280119
0.295436
0.308763
0.305558
0.288148
0.290227
0.267868
0.293070
0.293822
0.363237
0.364911
0.362915
0.363571
0.364900
0.365408
0.330911
0.330810
0.369713
0.372172
0.370361
0.371092
0.369579
0.333712
0.334613
0.335274
0.333929
0.334316
0.342758
0.373537
0.374220
0.373154
0.372461
0.371908
0.373828
0.375528
0.454421
0.453487
0.455092
0.453782
0.454890
0.421206
0.421570
0.417767
0.429788
0.423612
0.423927
0.424546
0.461066
0.458638
0.461212
0.461369
0.461850
0.460602
0.461772
0.449962
0.476057
0.462462
0.462287
0.459690
0.462839
0.547867
0.543040
0.579591
0.553435
0.549383
0.551190
0.512853
0.550263
0.541259
0.542498
0.529087
0.547742
0.561963
0.561042
0.589629
0.580199
0.591727
0.592913
0.591574
0.626647
0.776145
0.809372
0.813122
0.617507
0.617722
0.615882
0.616985
0.614979
0.631129
0.645587
0.644727
0.646994
0.640690
0.640700
0.662105
0.740604
0.741697
0.742541
0.801376
0.789074
0.787518
0.807818
0.810826
0.807957
0.811192
0.794675
0.755112
0.792000
0.772076
0.921933
0.934117
0.921265
0.932615
0.926100
0.922643
0.925924
0.947307
0.931417
0.946073
1.241581
1.229863
1.220057
1.241578
1.256642
1.276373
