-2.214085
-2.214862
-2.214261
-2.133501
-2.094810
-2.122385
-2.120074
-2.099249
-2.074974
-1.426685
-1.411449
-1.406901
-1.389977
-1.402208
-1.404378
-1.402511
-1.360571
-1.392901
-1.360591
-1.039420
-1.042973
-1.004486
-1.004032
-0.980956
-0.968729
-0.969540
-0.970105
-0.998813
-0.776922
-0.764872
-0.773722
-0.794514
-0.762955
-0.761310
-0.738414
-0.705142
-0.744689
-0.717214
-0.821567
-0.789368
-0.807675
-0.812156
-0.843177
-0.845913
-0.565507
-0.530340
-0.534369
-0.543880
-0.519431
-0.528078
-0.581853
-0.562783
-0.536922
-0.536875
-0.543640
-0.542622
-0.526845
-0.523949
-0.509495
-0.509095
-0.478234
-0.478641
-0.538548
-0.519321
-0.538366
-0.520109
-0.507674
-0.507549
-0.488924
-0.489194
-0.489202
-0.376779
-0.376561
-0.392225
-0.360847
-0.374677
-0.373538
-0.374925
-0.387291
-0.390785
-0.354747
-0.374475
-0.375329
-0.389095
-0.351589
-0.314711
-0.313527
-0.314333
-0.315162
-0.288160
-0.288464
-0.289161
-0.288146
-0.326343
-0.325428
-0.316982
-0.293296
-0.294542
-0.352816
-0.347389
-0.351296
-0.349119
-0.329254
-0.329702
-0.316562
-0.317159
-0.296438
-0.296978
-0.328598
-0.334612
-0.257358
-0.256578
-0.258832
-0.243965
-0.241454
-0.241446
-0.236076
-0.236284
-0.219526
-0.219217
-0.201570
-0.223442
-0.210959
-0.204330
-0.264721
-0.265345
-0.255706
-0.250463
-0.245867
-0.238132
-0.217370
-0.255989
-0.233939
-0.212271
-0.265968
-0.252688
-0.259523
-0.256388
-0.229490
-0.214962
-0.211888
-0.211870
-0.209165
-0.209157
-0.204292
-0.204262
-0.251110
-0.234668
-0.225928
-0.219468
-0.208881
-0.174054
-0.174540
-0.184853
-0.185622
-0.171995
-0.171335
-0.163540
-0.162784
-0.154375
-0.152001
-0.149664
-0.145091
-0.135555
-0.139316
-0.140277
-0.143716
-0.143739
-0.148407
-0.140740
-0.134499
-0.134286
-0.172956
-0.173470
-0.172264
-0.171668
-0.152059
-0.145733
-0.139299
-0.137949
-0.132498
-0.132816
-0.136342
-0.132051
-0.167250
-0.179497
-0.155152
-0.138196
-0.176137
-0.144578
-0.122187
-0.104722
-0.124543
-0.107216
-0.092355
-0.092344
-0.089011
-0.089059
-0.085981
-0.121102
-0.121264
-0.112442
-0.099635
-0.087794
-0.087721
-0.087873
-0.087781
-0.085653
-0.081459
-0.081449
-0.059066
-0.059849
-0.082094
-0.061770
-0.062790
-0.064284
-0.080010
-0.080001
-0.074743
-0.072136
-0.077424
-0.057124
-0.056496
-0.044039
-0.043566
-0.038505
-0.038426
-0.029142
-0.028815
-0.022228
-0.008540
-0.010123
-0.025022
-0.024800
-0.032696
-0.012489
-0.027285
-0.027773
-0.002141
0.007164
-0.023801
-0.001184
0.001927
0.002130
0.006669
0.006601
0.005534
0.007908
-0.037878
-0.011893
-0.012540
-0.012396
-0.011891
-0.040943
-0.040791
-0.037910
-0.035522
-0.035549
-0.032839
-0.023341
-0.006744
0.005092
0.005371
0.012329
0.018575
0.022996
0.020401
0.040746
0.039388
0.058576
0.065053
0.075709
0.022812
0.050613
0.014100
0.020290
0.030310
0.030055
0.040824
0.040375
0.052601
0.071527
0.011105
0.027021
0.014525
0.031054
0.018151
0.034393
0.025484
0.026396
0.027091
0.011695
0.016921
0.030899
0.041093
0.045514
0.045907
0.050286
0.050269
0.046505
0.046463
0.046514
0.050851
0.055675
0.060646
0.064728
0.069378
0.069360
0.070626
0.076147
0.091330
0.091161
0.090833
0.090461
0.102166
0.104822
0.107812
0.113228
0.119055
0.123655
0.121128
0.121262
0.081478
0.091041
0.100324
0.102737
0.102733
0.114779
0.114859
0.115682
0.114975
0.127160
0.129370
0.131713
0.134310
0.137178
0.141790
0.152189
0.152387
0.127669
0.127462
0.127388
0.126767
0.128354
0.127661
0.142829
0.143129
0.144033
0.144481
0.143532
0.143420
0.145017
0.169141
0.168567
0.182571
0.194634
0.182047
0.179912
0.201093
0.183005
0.183896
0.165354
0.177483
0.193778
0.202876
0.207184
0.214093
0.209739
0.209611
0.204590
0.211658
0.218623
0.218098
0.219674
0.220316
0.237592
0.237641
0.237261
0.223541
0.229410
0.245062
0.224883
0.237249
0.248166
0.254407
0.238413
0.239837
0.221519
0.224443
0.228272
0.244835
0.257474
0.258918
0.260522
0.262951
0.263029
0.265879
0.282776
0.284506
0.281788
0.302325
0.278139
0.280629
0.279638
0.279112
0.302832
0.303850
0.309229
0.328645
0.321552
0.306195
0.310118
0.327668
0.347407
0.351330
0.305804
0.310078
0.305077
0.309527
0.318767
0.318701
0.318830
0.338422
0.339227
0.330826
0.345066
0.329098
0.337671
0.348017
0.383762
0.368291
0.393236
0.358912
0.385373
0.385794
0.376362
0.379745
0.356636
0.382980
0.400906
0.400871
0.402519
0.402484
0.403567
0.404639
0.411198
0.410208
0.410385
0.425147
0.425258
0.420394
0.428879
0.422398
0.422133
0.430769
0.435111
0.439897
0.438364
0.442659
0.455518
0.477634
0.466073
0.459810
0.483536
0.445821
0.470705
0.508919
0.509022
0.528056
0.540760
0.555718
0.512769
0.500166
0.518945
0.511462
0.515791
0.536093
0.551504
0.546490
0.534237
0.538340
0.551135
0.551852
0.621073
0.566927
0.574713
0.594103
0.608104
0.610264
0.616686
0.623562
0.625887
0.628720
0.631801
0.643597
0.646012
0.873524
0.786936
0.686629
0.658765
0.671350
0.696819
0.697116
0.852740
0.851503
0.775852
0.792015
0.797684
0.831400
1.034330
1.023329
1.024490
1.024574
1.046318
1.065481
