   0.00064198880
   0.00034148340
   0.00163229067
   0.00261576287
   0.00093907936
   0.00826389837
   0.00869075263
   0.00740677503
   0.00605791559
   0.01401447890
   0.02502390384
   0.01087283158
   0.02062559760
   0.02623958476
   0.01990848245
   0.03049788280
   0.02437850020
   0.03238970086
   0.03381368665
   0.00044051359
   0.01231389154
   0.01825570277
   0.03174088239
   0.00677503073
   0.02234325912
   0.01375495151
   0.02230569594
   0.01852547466
   0.00038929108
   0.04369963120
   0.01120407048
   0.03434981560
   0.02047193006
   0.02317306379
   0.02151686928
   0.03187747575
   0.02548832127
   0.00760142057
   0.02220325092
   0.02268815736
   0.01162750990
   0.03586258708
   0.02430337386
   0.03206529163
   0.01575262942
   0.01332126759
   0.00064540363
   0.02263010518
   0.02794358694
   0.01570140691
   0.00198060374
   0.01441401448
   0.01333834176
   0.01663365660
   0.00898784319
   0.01587897828
   0.00831512089
   0.00877953831
   0.00465100396
   0.00648476984
   0.00625939079
   0.00667600055
   0.00184742522
   0.00042685425
